2
2 0
201
0.000000000 1.000000000 
0.005000000 1.000000000 
0.010000000 1.000000000 
0.015000000 1.000000000 
0.020000000 1.000000000 
0.025000000 1.000000000 
0.030000000 1.000000000 
0.035000000 1.000000000 
0.040000000 0.999500000 
0.045000000 0.999500000 
0.050000000 1.000000000 
0.055000000 0.999000000 
0.060000000 0.999000000 
0.065000000 0.998500000 
0.070000000 0.999000000 
0.075000000 0.998000000 
0.080000000 0.998000000 
0.085000000 0.998500000 
0.090000000 0.996500000 
0.095000000 0.996000000 
0.100000000 0.994500000 
0.105000000 0.994000000 
0.110000000 0.996500000 
0.115000000 0.994500000 
0.120000000 0.995500000 
0.125000000 0.994500000 
0.130000000 0.993000000 
0.135000000 0.992500000 
0.140000000 0.993000000 
0.145000000 0.992000000 
0.150000000 0.988500000 
0.155000000 0.983500000 
0.160000000 0.987500000 
0.165000000 0.985000000 
0.170000000 0.987500000 
0.175000000 0.981500000 
0.180000000 0.983000000 
0.185000000 0.978000000 
0.190000000 0.975000000 
0.195000000 0.969000000 
0.200000000 0.967500000 
0.205000000 0.968000000 
0.210000000 0.963000000 
0.215000000 0.968500000 
0.220000000 0.966000000 
0.225000000 0.963500000 
0.230000000 0.959500000 
0.235000000 0.964500000 
0.240000000 0.951500000 
0.245000000 0.954000000 
0.250000000 0.944000000 
0.255000000 0.944000000 
0.260000000 0.944500000 
0.265000000 0.949000000 
0.270000000 0.935500000 
0.275000000 0.943000000 
0.280000000 0.923000000 
0.285000000 0.926000000 
0.290000000 0.917000000 
0.295000000 0.925500000 
0.300000000 0.914500000 
0.305000000 0.912500000 
0.310000000 0.914000000 
0.315000000 0.901500000 
0.320000000 0.908500000 
0.325000000 0.902000000 
0.330000000 0.893500000 
0.335000000 0.887000000 
0.340000000 0.881000000 
0.345000000 0.875500000 
0.350000000 0.877000000 
0.355000000 0.858500000 
0.360000000 0.864500000 
0.365000000 0.853000000 
0.370000000 0.856500000 
0.375000000 0.855500000 
0.380000000 0.847500000 
0.385000000 0.837500000 
0.390000000 0.826500000 
0.395000000 0.844000000 
0.400000000 0.822000000 
0.405000000 0.812000000 
0.410000000 0.824000000 
0.415000000 0.808000000 
0.420000000 0.795000000 
0.425000000 0.787500000 
0.430000000 0.785500000 
0.435000000 0.773500000 
0.440000000 0.781500000 
0.445000000 0.781500000 
0.450000000 0.766000000 
0.455000000 0.756500000 
0.460000000 0.762000000 
0.465000000 0.738000000 
0.470000000 0.733000000 
0.475000000 0.710500000 
0.480000000 0.712500000 
0.485000000 0.706000000 
0.490000000 0.707500000 
0.495000000 0.719500000 
0.500000000 0.691500000 
0.505000000 0.699500000 
0.510000000 0.672000000 
0.515000000 0.643500000 
0.520000000 0.647500000 
0.525000000 0.645500000 
0.530000000 0.644000000 
0.535000000 0.637000000 
0.540000000 0.621000000 
0.545000000 0.620000000 
0.550000000 0.606000000 
0.555000000 0.618000000 
0.560000000 0.591000000 
0.565000000 0.590000000 
0.570000000 0.582000000 
0.575000000 0.575500000 
0.580000000 0.561500000 
0.585000000 0.542500000 
0.590000000 0.547000000 
0.595000000 0.540000000 
0.600000000 0.499500000 
0.605000000 0.509500000 
0.610000000 0.512000000 
0.615000000 0.493500000 
0.620000000 0.497500000 
0.625000000 0.489000000 
0.630000000 0.478500000 
0.635000000 0.451000000 
0.640000000 0.479000000 
0.645000000 0.459000000 
0.650000000 0.442000000 
0.655000000 0.431500000 
0.660000000 0.424500000 
0.665000000 0.386000000 
0.670000000 0.392000000 
0.675000000 0.394500000 
0.680000000 0.375000000 
0.685000000 0.379000000 
0.690000000 0.368000000 
0.695000000 0.342500000 
0.700000000 0.353000000 
0.705000000 0.340000000 
0.710000000 0.334500000 
0.715000000 0.337500000 
0.720000000 0.308500000 
0.725000000 0.317000000 
0.730000000 0.308000000 
0.735000000 0.265500000 
0.740000000 0.273500000 
0.745000000 0.298000000 
0.750000000 0.258500000 
0.755000000 0.244000000 
0.760000000 0.251000000 
0.765000000 0.239500000 
0.770000000 0.231000000 
0.775000000 0.213000000 
0.780000000 0.207000000 
0.785000000 0.203500000 
0.790000000 0.196000000 
0.795000000 0.190000000 
0.800000000 0.187000000 
0.805000000 0.163500000 
0.810000000 0.167500000 
0.815000000 0.155000000 
0.820000000 0.147500000 
0.825000000 0.134000000 
0.830000000 0.151000000 
0.835000000 0.126000000 
0.840000000 0.126500000 
0.845000000 0.121500000 
0.850000000 0.119500000 
0.855000000 0.102500000 
0.860000000 0.092500000 
0.865000000 0.093500000 
0.870000000 0.083000000 
0.875000000 0.084000000 
0.880000000 0.065500000 
0.885000000 0.065000000 
0.890000000 0.054500000 
0.895000000 0.057000000 
0.900000000 0.051000000 
0.905000000 0.053500000 
0.910000000 0.046500000 
0.915000000 0.035000000 
0.920000000 0.028000000 
0.925000000 0.033000000 
0.930000000 0.024000000 
0.935000000 0.032500000 
0.940000000 0.021500000 
0.945000000 0.018500000 
0.950000000 0.012000000 
0.955000000 0.009500000 
0.960000000 0.008000000 
0.965000000 0.008500000 
0.970000000 0.005500000 
0.975000000 0.004500000 
0.980000000 0.002500000 
0.985000000 0.001500000 
0.990000000 0.000500000 
0.995000000 0.000500000 
1.000000000 0.000000000 

2 1
201
0.000000000 1.000000000 
0.005000000 1.000000000 
0.010000000 1.000000000 
0.015000000 0.998000000 
0.020000000 0.998500000 
0.025000000 0.996500000 
0.030000000 0.995500000 
0.035000000 0.995000000 
0.040000000 0.991500000 
0.045000000 0.988500000 
0.050000000 0.991000000 
0.055000000 0.983500000 
0.060000000 0.980500000 
0.065000000 0.979000000 
0.070000000 0.971500000 
0.075000000 0.967000000 
0.080000000 0.963000000 
0.085000000 0.961500000 
0.090000000 0.952000000 
0.095000000 0.947500000 
0.100000000 0.947000000 
0.105000000 0.942000000 
0.110000000 0.935500000 
0.115000000 0.929500000 
0.120000000 0.928500000 
0.125000000 0.931000000 
0.130000000 0.918500000 
0.135000000 0.915500000 
0.140000000 0.897500000 
0.145000000 0.896500000 
0.150000000 0.897000000 
0.155000000 0.873000000 
0.160000000 0.893000000 
0.165000000 0.872000000 
0.170000000 0.864500000 
0.175000000 0.859000000 
0.180000000 0.857500000 
0.185000000 0.841500000 
0.190000000 0.839000000 
0.195000000 0.813500000 
0.200000000 0.803000000 
0.205000000 0.824500000 
0.210000000 0.787000000 
0.215000000 0.792500000 
0.220000000 0.780500000 
0.225000000 0.768500000 
0.230000000 0.767500000 
0.235000000 0.752500000 
0.240000000 0.751000000 
0.245000000 0.725500000 
0.250000000 0.743500000 
0.255000000 0.725500000 
0.260000000 0.740000000 
0.265000000 0.707000000 
0.270000000 0.706500000 
0.275000000 0.685500000 
0.280000000 0.694000000 
0.285000000 0.669500000 
0.290000000 0.672500000 
0.295000000 0.645500000 
0.300000000 0.662000000 
0.305000000 0.639000000 
0.310000000 0.640000000 
0.315000000 0.606500000 
0.320000000 0.642500000 
0.325000000 0.606500000 
0.330000000 0.578500000 
0.335000000 0.592000000 
0.340000000 0.568500000 
0.345000000 0.575500000 
0.350000000 0.582000000 
0.355000000 0.561500000 
0.360000000 0.557500000 
0.365000000 0.545000000 
0.370000000 0.522000000 
0.375000000 0.523500000 
0.380000000 0.494000000 
0.385000000 0.504000000 
0.390000000 0.492000000 
0.395000000 0.498500000 
0.400000000 0.468500000 
0.405000000 0.462500000 
0.410000000 0.455000000 
0.415000000 0.452500000 
0.420000000 0.447500000 
0.425000000 0.461000000 
0.430000000 0.428500000 
0.435000000 0.418000000 
0.440000000 0.419500000 
0.445000000 0.422000000 
0.450000000 0.393500000 
0.455000000 0.382000000 
0.460000000 0.377500000 
0.465000000 0.365000000 
0.470000000 0.350000000 
0.475000000 0.343500000 
0.480000000 0.333500000 
0.485000000 0.333000000 
0.490000000 0.328500000 
0.495000000 0.319500000 
0.500000000 0.292500000 
0.505000000 0.301000000 
0.510000000 0.299500000 
0.515000000 0.278500000 
0.520000000 0.305500000 
0.525000000 0.266000000 
0.530000000 0.275500000 
0.535000000 0.240000000 
0.540000000 0.269000000 
0.545000000 0.241500000 
0.550000000 0.237500000 
0.555000000 0.248000000 
0.560000000 0.236000000 
0.565000000 0.218000000 
0.570000000 0.216500000 
0.575000000 0.205500000 
0.580000000 0.201000000 
0.585000000 0.203000000 
0.590000000 0.183500000 
0.595000000 0.190000000 
0.600000000 0.178000000 
0.605000000 0.178500000 
0.610000000 0.177000000 
0.615000000 0.167000000 
0.620000000 0.149000000 
0.625000000 0.150000000 
0.630000000 0.155500000 
0.635000000 0.163500000 
0.640000000 0.137500000 
0.645000000 0.129500000 
0.650000000 0.127500000 
0.655000000 0.124500000 
0.660000000 0.116500000 
0.665000000 0.120000000 
0.670000000 0.093500000 
0.675000000 0.105500000 
0.680000000 0.092500000 
0.685000000 0.100500000 
0.690000000 0.089500000 
0.695000000 0.076000000 
0.700000000 0.086000000 
0.705000000 0.077500000 
0.710000000 0.072000000 
0.715000000 0.071500000 
0.720000000 0.068000000 
0.725000000 0.076000000 
0.730000000 0.060500000 
0.735000000 0.057500000 
0.740000000 0.054000000 
0.745000000 0.061500000 
0.750000000 0.040000000 
0.755000000 0.038500000 
0.760000000 0.050500000 
0.765000000 0.047500000 
0.770000000 0.042500000 
0.775000000 0.040000000 
0.780000000 0.030000000 
0.785000000 0.030000000 
0.790000000 0.024000000 
0.795000000 0.032000000 
0.800000000 0.028000000 
0.805000000 0.031000000 
0.810000000 0.021000000 
0.815000000 0.025000000 
0.820000000 0.018000000 
0.825000000 0.017000000 
0.830000000 0.013500000 
0.835000000 0.017000000 
0.840000000 0.012500000 
0.845000000 0.014000000 
0.850000000 0.009500000 
0.855000000 0.010000000 
0.860000000 0.009500000 
0.865000000 0.007500000 
0.870000000 0.007000000 
0.875000000 0.007500000 
0.880000000 0.007000000 
0.885000000 0.006500000 
0.890000000 0.004500000 
0.895000000 0.003000000 
0.900000000 0.006500000 
0.905000000 0.001000000 
0.910000000 0.001500000 
0.915000000 0.001000000 
0.920000000 0.002500000 
0.925000000 0.000500000 
0.930000000 0.001500000 
0.935000000 0.002000000 
0.940000000 0.000000000 
0.945000000 0.000000000 
0.950000000 0.000000000 
0.955000000 0.000500000 
0.960000000 0.000000000 
0.965000000 0.000000000 
0.970000000 0.001000000 
0.975000000 0.000000000 
0.980000000 0.000000000 
0.985000000 0.000000000 
0.990000000 0.000000000 
0.995000000 0.000000000 
1.000000000 0.000000000 

2 2
201
0.000000000 1.000000000 
0.005000000 0.983000000 
0.010000000 0.959500000 
0.015000000 0.940000000 
0.020000000 0.926000000 
0.025000000 0.898500000 
0.030000000 0.876000000 
0.035000000 0.863500000 
0.040000000 0.853500000 
0.045000000 0.818500000 
0.050000000 0.826500000 
0.055000000 0.813500000 
0.060000000 0.787000000 
0.065000000 0.756500000 
0.070000000 0.741500000 
0.075000000 0.732000000 
0.080000000 0.723500000 
0.085000000 0.712000000 
0.090000000 0.665500000 
0.095000000 0.672500000 
0.100000000 0.635500000 
0.105000000 0.635500000 
0.110000000 0.650000000 
0.115000000 0.600500000 
0.120000000 0.612500000 
0.125000000 0.576500000 
0.130000000 0.560500000 
0.135000000 0.567500000 
0.140000000 0.537000000 
0.145000000 0.515000000 
0.150000000 0.532500000 
0.155000000 0.513500000 
0.160000000 0.498000000 
0.165000000 0.474000000 
0.170000000 0.469000000 
0.175000000 0.467500000 
0.180000000 0.456500000 
0.185000000 0.449500000 
0.190000000 0.412000000 
0.195000000 0.409500000 
0.200000000 0.405000000 
0.205000000 0.383000000 
0.210000000 0.384500000 
0.215000000 0.382500000 
0.220000000 0.366000000 
0.225000000 0.381000000 
0.230000000 0.348000000 
0.235000000 0.342500000 
0.240000000 0.322000000 
0.245000000 0.322000000 
0.250000000 0.308500000 
0.255000000 0.312500000 
0.260000000 0.296500000 
0.265000000 0.282500000 
0.270000000 0.273500000 
0.275000000 0.275000000 
0.280000000 0.266500000 
0.285000000 0.263500000 
0.290000000 0.256500000 
0.295000000 0.229500000 
0.300000000 0.240000000 
0.305000000 0.239500000 
0.310000000 0.217000000 
0.315000000 0.231000000 
0.320000000 0.201500000 
0.325000000 0.211500000 
0.330000000 0.201500000 
0.335000000 0.207500000 
0.340000000 0.188500000 
0.345000000 0.189500000 
0.350000000 0.171000000 
0.355000000 0.188500000 
0.360000000 0.153500000 
0.365000000 0.165000000 
0.370000000 0.157000000 
0.375000000 0.158000000 
0.380000000 0.132000000 
0.385000000 0.139000000 
0.390000000 0.135000000 
0.395000000 0.128000000 
0.400000000 0.131500000 
0.405000000 0.128000000 
0.410000000 0.117500000 
0.415000000 0.125000000 
0.420000000 0.107500000 
0.425000000 0.122500000 
0.430000000 0.096500000 
0.435000000 0.108000000 
0.440000000 0.107500000 
0.445000000 0.091500000 
0.450000000 0.090500000 
0.455000000 0.098500000 
0.460000000 0.088500000 
0.465000000 0.082500000 
0.470000000 0.083000000 
0.475000000 0.092000000 
0.480000000 0.072000000 
0.485000000 0.071500000 
0.490000000 0.062500000 
0.495000000 0.055500000 
0.500000000 0.057000000 
0.505000000 0.074000000 
0.510000000 0.051500000 
0.515000000 0.053000000 
0.520000000 0.050000000 
0.525000000 0.051500000 
0.530000000 0.055500000 
0.535000000 0.043000000 
0.540000000 0.041500000 
0.545000000 0.036000000 
0.550000000 0.037500000 
0.555000000 0.039500000 
0.560000000 0.036000000 
0.565000000 0.033000000 
0.570000000 0.029000000 
0.575000000 0.032000000 
0.580000000 0.034500000 
0.585000000 0.031500000 
0.590000000 0.029000000 
0.595000000 0.028000000 
0.600000000 0.030000000 
0.605000000 0.029000000 
0.610000000 0.022000000 
0.615000000 0.022000000 
0.620000000 0.021000000 
0.625000000 0.023000000 
0.630000000 0.014500000 
0.635000000 0.019000000 
0.640000000 0.021500000 
0.645000000 0.016000000 
0.650000000 0.015000000 
0.655000000 0.011500000 
0.660000000 0.014500000 
0.665000000 0.017000000 
0.670000000 0.009500000 
0.675000000 0.010500000 
0.680000000 0.009500000 
0.685000000 0.010500000 
0.690000000 0.010500000 
0.695000000 0.010500000 
0.700000000 0.007500000 
0.705000000 0.005000000 
0.710000000 0.006000000 
0.715000000 0.006000000 
0.720000000 0.009000000 
0.725000000 0.006500000 
0.730000000 0.002500000 
0.735000000 0.003500000 
0.740000000 0.006000000 
0.745000000 0.005500000 
0.750000000 0.002500000 
0.755000000 0.004000000 
0.760000000 0.000500000 
0.765000000 0.002000000 
0.770000000 0.002000000 
0.775000000 0.002000000 
0.780000000 0.002500000 
0.785000000 0.002500000 
0.790000000 0.002000000 
0.795000000 0.000500000 
0.800000000 0.001500000 
0.805000000 0.001500000 
0.810000000 0.001000000 
0.815000000 0.001000000 
0.820000000 0.001000000 
0.825000000 0.001500000 
0.830000000 0.001000000 
0.835000000 0.000000000 
0.840000000 0.000500000 
0.845000000 0.001000000 
0.850000000 0.000000000 
0.855000000 0.000000000 
0.860000000 0.000000000 
0.865000000 0.000000000 
0.870000000 0.000500000 
0.875000000 0.000500000 
0.880000000 0.000500000 
0.885000000 0.000000000 
0.890000000 0.000000000 
0.895000000 0.000000000 
0.900000000 0.000500000 
0.905000000 0.000000000 
0.910000000 0.000000000 
0.915000000 0.000000000 
0.920000000 0.000000000 
0.925000000 0.000000000 
0.930000000 0.000000000 
0.935000000 0.000000000 
0.940000000 0.000000000 
0.945000000 0.000000000 
0.950000000 0.000000000 
0.955000000 0.000000000 
0.960000000 0.000000000 
0.965000000 0.000000000 
0.970000000 0.000000000 
0.975000000 0.000000000 
0.980000000 0.000000000 
0.985000000 0.000000000 
0.990000000 0.000000000 
0.995000000 0.000000000 
1.000000000 0.000000000 

