6
6 0
201
0.000000000 1.000000000 
0.005000000 1.000000000 
0.010000000 1.000000000 
0.015000000 1.000000000 
0.020000000 1.000000000 
0.025000000 1.000000000 
0.030000000 1.000000000 
0.035000000 1.000000000 
0.040000000 1.000000000 
0.045000000 1.000000000 
0.050000000 1.000000000 
0.055000000 1.000000000 
0.060000000 1.000000000 
0.065000000 1.000000000 
0.070000000 1.000000000 
0.075000000 1.000000000 
0.080000000 1.000000000 
0.085000000 1.000000000 
0.090000000 1.000000000 
0.095000000 1.000000000 
0.100000000 1.000000000 
0.105000000 1.000000000 
0.110000000 1.000000000 
0.115000000 1.000000000 
0.120000000 1.000000000 
0.125000000 1.000000000 
0.130000000 1.000000000 
0.135000000 1.000000000 
0.140000000 1.000000000 
0.145000000 1.000000000 
0.150000000 1.000000000 
0.155000000 1.000000000 
0.160000000 1.000000000 
0.165000000 1.000000000 
0.170000000 1.000000000 
0.175000000 1.000000000 
0.180000000 1.000000000 
0.185000000 1.000000000 
0.190000000 1.000000000 
0.195000000 1.000000000 
0.200000000 1.000000000 
0.205000000 1.000000000 
0.210000000 1.000000000 
0.215000000 1.000000000 
0.220000000 1.000000000 
0.225000000 1.000000000 
0.230000000 1.000000000 
0.235000000 1.000000000 
0.240000000 1.000000000 
0.245000000 1.000000000 
0.250000000 1.000000000 
0.255000000 1.000000000 
0.260000000 1.000000000 
0.265000000 0.999500000 
0.270000000 1.000000000 
0.275000000 1.000000000 
0.280000000 0.999500000 
0.285000000 0.999000000 
0.290000000 0.999500000 
0.295000000 0.997500000 
0.300000000 0.999500000 
0.305000000 1.000000000 
0.310000000 0.997000000 
0.315000000 0.998500000 
0.320000000 0.997000000 
0.325000000 0.996500000 
0.330000000 0.996500000 
0.335000000 0.994500000 
0.340000000 0.992500000 
0.345000000 0.993000000 
0.350000000 0.992000000 
0.355000000 0.985000000 
0.360000000 0.988000000 
0.365000000 0.981500000 
0.370000000 0.976500000 
0.375000000 0.969500000 
0.380000000 0.963000000 
0.385000000 0.964500000 
0.390000000 0.947000000 
0.395000000 0.938000000 
0.400000000 0.924500000 
0.405000000 0.923000000 
0.410000000 0.901500000 
0.415000000 0.888500000 
0.420000000 0.880000000 
0.425000000 0.876000000 
0.430000000 0.843500000 
0.435000000 0.823500000 
0.440000000 0.793500000 
0.445000000 0.780000000 
0.450000000 0.755500000 
0.455000000 0.710000000 
0.460000000 0.704000000 
0.465000000 0.668000000 
0.470000000 0.636500000 
0.475000000 0.609500000 
0.480000000 0.580000000 
0.485000000 0.548000000 
0.490000000 0.532000000 
0.495000000 0.486000000 
0.500000000 0.450000000 
0.505000000 0.428000000 
0.510000000 0.390500000 
0.515000000 0.369000000 
0.520000000 0.329000000 
0.525000000 0.299000000 
0.530000000 0.277500000 
0.535000000 0.234500000 
0.540000000 0.219000000 
0.545000000 0.200500000 
0.550000000 0.176000000 
0.555000000 0.154000000 
0.560000000 0.143500000 
0.565000000 0.138000000 
0.570000000 0.109000000 
0.575000000 0.084500000 
0.580000000 0.075500000 
0.585000000 0.063500000 
0.590000000 0.067500000 
0.595000000 0.041500000 
0.600000000 0.038000000 
0.605000000 0.036000000 
0.610000000 0.031000000 
0.615000000 0.022500000 
0.620000000 0.017000000 
0.625000000 0.022000000 
0.630000000 0.015000000 
0.635000000 0.008500000 
0.640000000 0.010000000 
0.645000000 0.008500000 
0.650000000 0.005000000 
0.655000000 0.003500000 
0.660000000 0.003000000 
0.665000000 0.002000000 
0.670000000 0.001000000 
0.675000000 0.002500000 
0.680000000 0.000500000 
0.685000000 0.000000000 
0.690000000 0.001500000 
0.695000000 0.000500000 
0.700000000 0.000000000 
0.705000000 0.000500000 
0.710000000 0.000000000 
0.715000000 0.000000000 
0.720000000 0.000000000 
0.725000000 0.000000000 
0.730000000 0.000000000 
0.735000000 0.000000000 
0.740000000 0.000000000 
0.745000000 0.000000000 
0.750000000 0.000000000 
0.755000000 0.000000000 
0.760000000 0.000000000 
0.765000000 0.000000000 
0.770000000 0.000000000 
0.775000000 0.000000000 
0.780000000 0.000000000 
0.785000000 0.000000000 
0.790000000 0.000000000 
0.795000000 0.000000000 
0.800000000 0.000000000 
0.805000000 0.000000000 
0.810000000 0.000000000 
0.815000000 0.000000000 
0.820000000 0.000000000 
0.825000000 0.000000000 
0.830000000 0.000000000 
0.835000000 0.000000000 
0.840000000 0.000000000 
0.845000000 0.000000000 
0.850000000 0.000000000 
0.855000000 0.000000000 
0.860000000 0.000000000 
0.865000000 0.000000000 
0.870000000 0.000000000 
0.875000000 0.000000000 
0.880000000 0.000000000 
0.885000000 0.000000000 
0.890000000 0.000000000 
0.895000000 0.000000000 
0.900000000 0.000000000 
0.905000000 0.000000000 
0.910000000 0.000000000 
0.915000000 0.000000000 
0.920000000 0.000000000 
0.925000000 0.000000000 
0.930000000 0.000000000 
0.935000000 0.000000000 
0.940000000 0.000000000 
0.945000000 0.000000000 
0.950000000 0.000000000 
0.955000000 0.000000000 
0.960000000 0.000000000 
0.965000000 0.000000000 
0.970000000 0.000000000 
0.975000000 0.000000000 
0.980000000 0.000000000 
0.985000000 0.000000000 
0.990000000 0.000000000 
0.995000000 0.000000000 
1.000000000 0.000000000 

6 1
201
0.000000000 1.000000000 
0.005000000 1.000000000 
0.010000000 1.000000000 
0.015000000 1.000000000 
0.020000000 1.000000000 
0.025000000 1.000000000 
0.030000000 1.000000000 
0.035000000 1.000000000 
0.040000000 1.000000000 
0.045000000 1.000000000 
0.050000000 1.000000000 
0.055000000 1.000000000 
0.060000000 1.000000000 
0.065000000 1.000000000 
0.070000000 1.000000000 
0.075000000 1.000000000 
0.080000000 1.000000000 
0.085000000 1.000000000 
0.090000000 1.000000000 
0.095000000 1.000000000 
0.100000000 1.000000000 
0.105000000 0.999500000 
0.110000000 0.999500000 
0.115000000 0.999500000 
0.120000000 0.999500000 
0.125000000 0.999000000 
0.130000000 0.999000000 
0.135000000 0.996500000 
0.140000000 0.992000000 
0.145000000 0.994500000 
0.150000000 0.994000000 
0.155000000 0.991000000 
0.160000000 0.985000000 
0.165000000 0.978500000 
0.170000000 0.970000000 
0.175000000 0.962000000 
0.180000000 0.966500000 
0.185000000 0.949500000 
0.190000000 0.936500000 
0.195000000 0.937500000 
0.200000000 0.920000000 
0.205000000 0.906000000 
0.210000000 0.896500000 
0.215000000 0.861000000 
0.220000000 0.841500000 
0.225000000 0.828500000 
0.230000000 0.788000000 
0.235000000 0.767000000 
0.240000000 0.760500000 
0.245000000 0.732500000 
0.250000000 0.690000000 
0.255000000 0.658500000 
0.260000000 0.635000000 
0.265000000 0.631500000 
0.270000000 0.568500000 
0.275000000 0.549500000 
0.280000000 0.530000000 
0.285000000 0.519000000 
0.290000000 0.447000000 
0.295000000 0.433500000 
0.300000000 0.406500000 
0.305000000 0.373000000 
0.310000000 0.352500000 
0.315000000 0.326500000 
0.320000000 0.313000000 
0.325000000 0.285500000 
0.330000000 0.242000000 
0.335000000 0.244500000 
0.340000000 0.201500000 
0.345000000 0.187000000 
0.350000000 0.160000000 
0.355000000 0.177000000 
0.360000000 0.163500000 
0.365000000 0.129000000 
0.370000000 0.127500000 
0.375000000 0.103000000 
0.380000000 0.094500000 
0.385000000 0.086500000 
0.390000000 0.075000000 
0.395000000 0.074000000 
0.400000000 0.062500000 
0.405000000 0.052500000 
0.410000000 0.042500000 
0.415000000 0.048500000 
0.420000000 0.034000000 
0.425000000 0.028000000 
0.430000000 0.029000000 
0.435000000 0.029000000 
0.440000000 0.022000000 
0.445000000 0.019000000 
0.450000000 0.017000000 
0.455000000 0.014000000 
0.460000000 0.019000000 
0.465000000 0.012500000 
0.470000000 0.011500000 
0.475000000 0.013000000 
0.480000000 0.009500000 
0.485000000 0.008000000 
0.490000000 0.008000000 
0.495000000 0.006000000 
0.500000000 0.004500000 
0.505000000 0.004500000 
0.510000000 0.003500000 
0.515000000 0.004000000 
0.520000000 0.003500000 
0.525000000 0.004500000 
0.530000000 0.002000000 
0.535000000 0.003000000 
0.540000000 0.003000000 
0.545000000 0.003500000 
0.550000000 0.002000000 
0.555000000 0.001000000 
0.560000000 0.000500000 
0.565000000 0.000000000 
0.570000000 0.001500000 
0.575000000 0.000500000 
0.580000000 0.000000000 
0.585000000 0.000000000 
0.590000000 0.002000000 
0.595000000 0.001000000 
0.600000000 0.000500000 
0.605000000 0.000500000 
0.610000000 0.000000000 
0.615000000 0.000000000 
0.620000000 0.000500000 
0.625000000 0.000000000 
0.630000000 0.000000000 
0.635000000 0.000500000 
0.640000000 0.000000000 
0.645000000 0.000000000 
0.650000000 0.000000000 
0.655000000 0.000000000 
0.660000000 0.000000000 
0.665000000 0.000000000 
0.670000000 0.000000000 
0.675000000 0.000000000 
0.680000000 0.000000000 
0.685000000 0.000000000 
0.690000000 0.000000000 
0.695000000 0.000000000 
0.700000000 0.000000000 
0.705000000 0.000000000 
0.710000000 0.000000000 
0.715000000 0.000000000 
0.720000000 0.000000000 
0.725000000 0.000000000 
0.730000000 0.000000000 
0.735000000 0.000000000 
0.740000000 0.000000000 
0.745000000 0.000000000 
0.750000000 0.000000000 
0.755000000 0.000000000 
0.760000000 0.000000000 
0.765000000 0.000000000 
0.770000000 0.000000000 
0.775000000 0.000000000 
0.780000000 0.000000000 
0.785000000 0.000000000 
0.790000000 0.000000000 
0.795000000 0.000000000 
0.800000000 0.000000000 
0.805000000 0.000000000 
0.810000000 0.000000000 
0.815000000 0.000000000 
0.820000000 0.000000000 
0.825000000 0.000000000 
0.830000000 0.000000000 
0.835000000 0.000000000 
0.840000000 0.000000000 
0.845000000 0.000000000 
0.850000000 0.000000000 
0.855000000 0.000000000 
0.860000000 0.000000000 
0.865000000 0.000000000 
0.870000000 0.000000000 
0.875000000 0.000000000 
0.880000000 0.000000000 
0.885000000 0.000000000 
0.890000000 0.000000000 
0.895000000 0.000000000 
0.900000000 0.000000000 
0.905000000 0.000000000 
0.910000000 0.000000000 
0.915000000 0.000000000 
0.920000000 0.000000000 
0.925000000 0.000000000 
0.930000000 0.000000000 
0.935000000 0.000000000 
0.940000000 0.000000000 
0.945000000 0.000000000 
0.950000000 0.000000000 
0.955000000 0.000000000 
0.960000000 0.000000000 
0.965000000 0.000000000 
0.970000000 0.000000000 
0.975000000 0.000000000 
0.980000000 0.000000000 
0.985000000 0.000000000 
0.990000000 0.000000000 
0.995000000 0.000000000 
1.000000000 0.000000000 

6 2
201
0.000000000 1.000000000 
0.005000000 1.000000000 
0.010000000 1.000000000 
0.015000000 1.000000000 
0.020000000 0.999500000 
0.025000000 1.000000000 
0.030000000 1.000000000 
0.035000000 0.997500000 
0.040000000 0.997000000 
0.045000000 0.994500000 
0.050000000 0.987000000 
0.055000000 0.979000000 
0.060000000 0.975000000 
0.065000000 0.961500000 
0.070000000 0.936000000 
0.075000000 0.929000000 
0.080000000 0.890500000 
0.085000000 0.874000000 
0.090000000 0.833000000 
0.095000000 0.811000000 
0.100000000 0.760500000 
0.105000000 0.720500000 
0.110000000 0.669000000 
0.115000000 0.623500000 
0.120000000 0.581500000 
0.125000000 0.544500000 
0.130000000 0.481000000 
0.135000000 0.444500000 
0.140000000 0.420500000 
0.145000000 0.379500000 
0.150000000 0.334500000 
0.155000000 0.285000000 
0.160000000 0.261000000 
0.165000000 0.244500000 
0.170000000 0.210000000 
0.175000000 0.185500000 
0.180000000 0.157000000 
0.185000000 0.139500000 
0.190000000 0.124000000 
0.195000000 0.105500000 
0.200000000 0.084000000 
0.205000000 0.076000000 
0.210000000 0.057000000 
0.215000000 0.056500000 
0.220000000 0.055500000 
0.225000000 0.037500000 
0.230000000 0.028000000 
0.235000000 0.026500000 
0.240000000 0.020500000 
0.245000000 0.012000000 
0.250000000 0.013000000 
0.255000000 0.012500000 
0.260000000 0.010500000 
0.265000000 0.006500000 
0.270000000 0.006000000 
0.275000000 0.006500000 
0.280000000 0.003000000 
0.285000000 0.004500000 
0.290000000 0.003000000 
0.295000000 0.001500000 
0.300000000 0.002500000 
0.305000000 0.001500000 
0.310000000 0.000500000 
0.315000000 0.001500000 
0.320000000 0.000500000 
0.325000000 0.001000000 
0.330000000 0.000000000 
0.335000000 0.000000000 
0.340000000 0.000000000 
0.345000000 0.000000000 
0.350000000 0.000000000 
0.355000000 0.000000000 
0.360000000 0.000500000 
0.365000000 0.000500000 
0.370000000 0.000500000 
0.375000000 0.000000000 
0.380000000 0.000000000 
0.385000000 0.000000000 
0.390000000 0.000000000 
0.395000000 0.000000000 
0.400000000 0.000000000 
0.405000000 0.000000000 
0.410000000 0.000000000 
0.415000000 0.000000000 
0.420000000 0.000000000 
0.425000000 0.000000000 
0.430000000 0.000000000 
0.435000000 0.000000000 
0.440000000 0.000000000 
0.445000000 0.000000000 
0.450000000 0.000000000 
0.455000000 0.000000000 
0.460000000 0.000000000 
0.465000000 0.000000000 
0.470000000 0.000000000 
0.475000000 0.000000000 
0.480000000 0.000000000 
0.485000000 0.000000000 
0.490000000 0.000000000 
0.495000000 0.000000000 
0.500000000 0.000000000 
0.505000000 0.000000000 
0.510000000 0.000000000 
0.515000000 0.000000000 
0.520000000 0.000000000 
0.525000000 0.000000000 
0.530000000 0.000000000 
0.535000000 0.000000000 
0.540000000 0.000000000 
0.545000000 0.000000000 
0.550000000 0.000000000 
0.555000000 0.000000000 
0.560000000 0.000000000 
0.565000000 0.000000000 
0.570000000 0.000000000 
0.575000000 0.000000000 
0.580000000 0.000000000 
0.585000000 0.000000000 
0.590000000 0.000000000 
0.595000000 0.000000000 
0.600000000 0.000000000 
0.605000000 0.000000000 
0.610000000 0.000000000 
0.615000000 0.000000000 
0.620000000 0.000000000 
0.625000000 0.000000000 
0.630000000 0.000000000 
0.635000000 0.000000000 
0.640000000 0.000000000 
0.645000000 0.000000000 
0.650000000 0.000000000 
0.655000000 0.000000000 
0.660000000 0.000000000 
0.665000000 0.000000000 
0.670000000 0.000000000 
0.675000000 0.000000000 
0.680000000 0.000000000 
0.685000000 0.000000000 
0.690000000 0.000000000 
0.695000000 0.000000000 
0.700000000 0.000000000 
0.705000000 0.000000000 
0.710000000 0.000000000 
0.715000000 0.000000000 
0.720000000 0.000000000 
0.725000000 0.000000000 
0.730000000 0.000000000 
0.735000000 0.000000000 
0.740000000 0.000000000 
0.745000000 0.000000000 
0.750000000 0.000000000 
0.755000000 0.000000000 
0.760000000 0.000000000 
0.765000000 0.000000000 
0.770000000 0.000000000 
0.775000000 0.000000000 
0.780000000 0.000000000 
0.785000000 0.000000000 
0.790000000 0.000000000 
0.795000000 0.000000000 
0.800000000 0.000000000 
0.805000000 0.000000000 
0.810000000 0.000000000 
0.815000000 0.000000000 
0.820000000 0.000000000 
0.825000000 0.000000000 
0.830000000 0.000000000 
0.835000000 0.000000000 
0.840000000 0.000000000 
0.845000000 0.000000000 
0.850000000 0.000000000 
0.855000000 0.000000000 
0.860000000 0.000000000 
0.865000000 0.000000000 
0.870000000 0.000000000 
0.875000000 0.000000000 
0.880000000 0.000000000 
0.885000000 0.000000000 
0.890000000 0.000000000 
0.895000000 0.000000000 
0.900000000 0.000000000 
0.905000000 0.000000000 
0.910000000 0.000000000 
0.915000000 0.000000000 
0.920000000 0.000000000 
0.925000000 0.000000000 
0.930000000 0.000000000 
0.935000000 0.000000000 
0.940000000 0.000000000 
0.945000000 0.000000000 
0.950000000 0.000000000 
0.955000000 0.000000000 
0.960000000 0.000000000 
0.965000000 0.000000000 
0.970000000 0.000000000 
0.975000000 0.000000000 
0.980000000 0.000000000 
0.985000000 0.000000000 
0.990000000 0.000000000 
0.995000000 0.000000000 
1.000000000 0.000000000 

6 3
201
0.000000000 1.000000000 
0.005000000 0.999500000 
0.010000000 0.995500000 
0.015000000 0.985500000 
0.020000000 0.966500000 
0.025000000 0.936500000 
0.030000000 0.876000000 
0.035000000 0.822000000 
0.040000000 0.766500000 
0.045000000 0.695000000 
0.050000000 0.607000000 
0.055000000 0.545500000 
0.060000000 0.463000000 
0.065000000 0.389500000 
0.070000000 0.347500000 
0.075000000 0.311500000 
0.080000000 0.244000000 
0.085000000 0.191500000 
0.090000000 0.174500000 
0.095000000 0.140000000 
0.100000000 0.117000000 
0.105000000 0.096000000 
0.110000000 0.070500000 
0.115000000 0.059500000 
0.120000000 0.042000000 
0.125000000 0.034000000 
0.130000000 0.027000000 
0.135000000 0.021500000 
0.140000000 0.019000000 
0.145000000 0.017000000 
0.150000000 0.009000000 
0.155000000 0.006500000 
0.160000000 0.006000000 
0.165000000 0.004000000 
0.170000000 0.005000000 
0.175000000 0.005000000 
0.180000000 0.000000000 
0.185000000 0.002000000 
0.190000000 0.001500000 
0.195000000 0.000500000 
0.200000000 0.001000000 
0.205000000 0.001000000 
0.210000000 0.001000000 
0.215000000 0.000500000 
0.220000000 0.000000000 
0.225000000 0.000000000 
0.230000000 0.000000000 
0.235000000 0.000000000 
0.240000000 0.000000000 
0.245000000 0.000500000 
0.250000000 0.000000000 
0.255000000 0.000000000 
0.260000000 0.000000000 
0.265000000 0.000000000 
0.270000000 0.000000000 
0.275000000 0.000000000 
0.280000000 0.000000000 
0.285000000 0.000000000 
0.290000000 0.000000000 
0.295000000 0.000000000 
0.300000000 0.000000000 
0.305000000 0.000000000 
0.310000000 0.000000000 
0.315000000 0.000000000 
0.320000000 0.000000000 
0.325000000 0.000000000 
0.330000000 0.000000000 
0.335000000 0.000000000 
0.340000000 0.000000000 
0.345000000 0.000000000 
0.350000000 0.000000000 
0.355000000 0.000000000 
0.360000000 0.000000000 
0.365000000 0.000000000 
0.370000000 0.000000000 
0.375000000 0.000000000 
0.380000000 0.000000000 
0.385000000 0.000000000 
0.390000000 0.000000000 
0.395000000 0.000000000 
0.400000000 0.000000000 
0.405000000 0.000000000 
0.410000000 0.000000000 
0.415000000 0.000000000 
0.420000000 0.000000000 
0.425000000 0.000000000 
0.430000000 0.000000000 
0.435000000 0.000000000 
0.440000000 0.000000000 
0.445000000 0.000000000 
0.450000000 0.000000000 
0.455000000 0.000000000 
0.460000000 0.000000000 
0.465000000 0.000000000 
0.470000000 0.000000000 
0.475000000 0.000000000 
0.480000000 0.000000000 
0.485000000 0.000000000 
0.490000000 0.000000000 
0.495000000 0.000000000 
0.500000000 0.000000000 
0.505000000 0.000000000 
0.510000000 0.000000000 
0.515000000 0.000000000 
0.520000000 0.000000000 
0.525000000 0.000000000 
0.530000000 0.000000000 
0.535000000 0.000000000 
0.540000000 0.000000000 
0.545000000 0.000000000 
0.550000000 0.000000000 
0.555000000 0.000000000 
0.560000000 0.000000000 
0.565000000 0.000000000 
0.570000000 0.000000000 
0.575000000 0.000000000 
0.580000000 0.000000000 
0.585000000 0.000000000 
0.590000000 0.000000000 
0.595000000 0.000000000 
0.600000000 0.000000000 
0.605000000 0.000000000 
0.610000000 0.000000000 
0.615000000 0.000000000 
0.620000000 0.000000000 
0.625000000 0.000000000 
0.630000000 0.000000000 
0.635000000 0.000000000 
0.640000000 0.000000000 
0.645000000 0.000000000 
0.650000000 0.000000000 
0.655000000 0.000000000 
0.660000000 0.000000000 
0.665000000 0.000000000 
0.670000000 0.000000000 
0.675000000 0.000000000 
0.680000000 0.000000000 
0.685000000 0.000000000 
0.690000000 0.000000000 
0.695000000 0.000000000 
0.700000000 0.000000000 
0.705000000 0.000000000 
0.710000000 0.000000000 
0.715000000 0.000000000 
0.720000000 0.000000000 
0.725000000 0.000000000 
0.730000000 0.000000000 
0.735000000 0.000000000 
0.740000000 0.000000000 
0.745000000 0.000000000 
0.750000000 0.000000000 
0.755000000 0.000000000 
0.760000000 0.000000000 
0.765000000 0.000000000 
0.770000000 0.000000000 
0.775000000 0.000000000 
0.780000000 0.000000000 
0.785000000 0.000000000 
0.790000000 0.000000000 
0.795000000 0.000000000 
0.800000000 0.000000000 
0.805000000 0.000000000 
0.810000000 0.000000000 
0.815000000 0.000000000 
0.820000000 0.000000000 
0.825000000 0.000000000 
0.830000000 0.000000000 
0.835000000 0.000000000 
0.840000000 0.000000000 
0.845000000 0.000000000 
0.850000000 0.000000000 
0.855000000 0.000000000 
0.860000000 0.000000000 
0.865000000 0.000000000 
0.870000000 0.000000000 
0.875000000 0.000000000 
0.880000000 0.000000000 
0.885000000 0.000000000 
0.890000000 0.000000000 
0.895000000 0.000000000 
0.900000000 0.000000000 
0.905000000 0.000000000 
0.910000000 0.000000000 
0.915000000 0.000000000 
0.920000000 0.000000000 
0.925000000 0.000000000 
0.930000000 0.000000000 
0.935000000 0.000000000 
0.940000000 0.000000000 
0.945000000 0.000000000 
0.950000000 0.000000000 
0.955000000 0.000000000 
0.960000000 0.000000000 
0.965000000 0.000000000 
0.970000000 0.000000000 
0.975000000 0.000000000 
0.980000000 0.000000000 
0.985000000 0.000000000 
0.990000000 0.000000000 
0.995000000 0.000000000 
1.000000000 0.000000000 

6 4
201
0.000000000 1.000000000 
0.005000000 0.955000000 
0.010000000 0.861500000 
0.015000000 0.753000000 
0.020000000 0.633000000 
0.025000000 0.528500000 
0.030000000 0.420000000 
0.035000000 0.325500000 
0.040000000 0.272000000 
0.045000000 0.189000000 
0.050000000 0.148500000 
0.055000000 0.125000000 
0.060000000 0.087000000 
0.065000000 0.074500000 
0.070000000 0.060000000 
0.075000000 0.044500000 
0.080000000 0.033500000 
0.085000000 0.026000000 
0.090000000 0.012500000 
0.095000000 0.012000000 
0.100000000 0.010000000 
0.105000000 0.007000000 
0.110000000 0.006500000 
0.115000000 0.002000000 
0.120000000 0.002500000 
0.125000000 0.002000000 
0.130000000 0.001500000 
0.135000000 0.001000000 
0.140000000 0.000500000 
0.145000000 0.000500000 
0.150000000 0.000500000 
0.155000000 0.000000000 
0.160000000 0.000000000 
0.165000000 0.000000000 
0.170000000 0.000000000 
0.175000000 0.000000000 
0.180000000 0.000000000 
0.185000000 0.000000000 
0.190000000 0.000000000 
0.195000000 0.000000000 
0.200000000 0.000000000 
0.205000000 0.000000000 
0.210000000 0.000000000 
0.215000000 0.000000000 
0.220000000 0.000000000 
0.225000000 0.000000000 
0.230000000 0.000000000 
0.235000000 0.000000000 
0.240000000 0.000000000 
0.245000000 0.000000000 
0.250000000 0.000000000 
0.255000000 0.000000000 
0.260000000 0.000000000 
0.265000000 0.000000000 
0.270000000 0.000000000 
0.275000000 0.000000000 
0.280000000 0.000000000 
0.285000000 0.000000000 
0.290000000 0.000000000 
0.295000000 0.000000000 
0.300000000 0.000000000 
0.305000000 0.000000000 
0.310000000 0.000000000 
0.315000000 0.000000000 
0.320000000 0.000000000 
0.325000000 0.000000000 
0.330000000 0.000000000 
0.335000000 0.000000000 
0.340000000 0.000000000 
0.345000000 0.000000000 
0.350000000 0.000000000 
0.355000000 0.000000000 
0.360000000 0.000000000 
0.365000000 0.000000000 
0.370000000 0.000000000 
0.375000000 0.000000000 
0.380000000 0.000000000 
0.385000000 0.000000000 
0.390000000 0.000000000 
0.395000000 0.000000000 
0.400000000 0.000000000 
0.405000000 0.000000000 
0.410000000 0.000000000 
0.415000000 0.000000000 
0.420000000 0.000000000 
0.425000000 0.000000000 
0.430000000 0.000000000 
0.435000000 0.000000000 
0.440000000 0.000000000 
0.445000000 0.000000000 
0.450000000 0.000000000 
0.455000000 0.000000000 
0.460000000 0.000000000 
0.465000000 0.000000000 
0.470000000 0.000000000 
0.475000000 0.000000000 
0.480000000 0.000000000 
0.485000000 0.000000000 
0.490000000 0.000000000 
0.495000000 0.000000000 
0.500000000 0.000000000 
0.505000000 0.000000000 
0.510000000 0.000000000 
0.515000000 0.000000000 
0.520000000 0.000000000 
0.525000000 0.000000000 
0.530000000 0.000000000 
0.535000000 0.000000000 
0.540000000 0.000000000 
0.545000000 0.000000000 
0.550000000 0.000000000 
0.555000000 0.000000000 
0.560000000 0.000000000 
0.565000000 0.000000000 
0.570000000 0.000000000 
0.575000000 0.000000000 
0.580000000 0.000000000 
0.585000000 0.000000000 
0.590000000 0.000000000 
0.595000000 0.000000000 
0.600000000 0.000000000 
0.605000000 0.000000000 
0.610000000 0.000000000 
0.615000000 0.000000000 
0.620000000 0.000000000 
0.625000000 0.000000000 
0.630000000 0.000000000 
0.635000000 0.000000000 
0.640000000 0.000000000 
0.645000000 0.000000000 
0.650000000 0.000000000 
0.655000000 0.000000000 
0.660000000 0.000000000 
0.665000000 0.000000000 
0.670000000 0.000000000 
0.675000000 0.000000000 
0.680000000 0.000000000 
0.685000000 0.000000000 
0.690000000 0.000000000 
0.695000000 0.000000000 
0.700000000 0.000000000 
0.705000000 0.000000000 
0.710000000 0.000000000 
0.715000000 0.000000000 
0.720000000 0.000000000 
0.725000000 0.000000000 
0.730000000 0.000000000 
0.735000000 0.000000000 
0.740000000 0.000000000 
0.745000000 0.000000000 
0.750000000 0.000000000 
0.755000000 0.000000000 
0.760000000 0.000000000 
0.765000000 0.000000000 
0.770000000 0.000000000 
0.775000000 0.000000000 
0.780000000 0.000000000 
0.785000000 0.000000000 
0.790000000 0.000000000 
0.795000000 0.000000000 
0.800000000 0.000000000 
0.805000000 0.000000000 
0.810000000 0.000000000 
0.815000000 0.000000000 
0.820000000 0.000000000 
0.825000000 0.000000000 
0.830000000 0.000000000 
0.835000000 0.000000000 
0.840000000 0.000000000 
0.845000000 0.000000000 
0.850000000 0.000000000 
0.855000000 0.000000000 
0.860000000 0.000000000 
0.865000000 0.000000000 
0.870000000 0.000000000 
0.875000000 0.000000000 
0.880000000 0.000000000 
0.885000000 0.000000000 
0.890000000 0.000000000 
0.895000000 0.000000000 
0.900000000 0.000000000 
0.905000000 0.000000000 
0.910000000 0.000000000 
0.915000000 0.000000000 
0.920000000 0.000000000 
0.925000000 0.000000000 
0.930000000 0.000000000 
0.935000000 0.000000000 
0.940000000 0.000000000 
0.945000000 0.000000000 
0.950000000 0.000000000 
0.955000000 0.000000000 
0.960000000 0.000000000 
0.965000000 0.000000000 
0.970000000 0.000000000 
0.975000000 0.000000000 
0.980000000 0.000000000 
0.985000000 0.000000000 
0.990000000 0.000000000 
0.995000000 0.000000000 
1.000000000 0.000000000 

6 5
201
0.000000000 1.000000000 
0.005000000 0.728500000 
0.010000000 0.515000000 
0.015000000 0.377000000 
0.020000000 0.272000000 
0.025000000 0.176500000 
0.030000000 0.149000000 
0.035000000 0.097500000 
0.040000000 0.068000000 
0.045000000 0.051500000 
0.050000000 0.042000000 
0.055000000 0.023000000 
0.060000000 0.019500000 
0.065000000 0.010500000 
0.070000000 0.011000000 
0.075000000 0.009000000 
0.080000000 0.003500000 
0.085000000 0.004000000 
0.090000000 0.001000000 
0.095000000 0.001500000 
0.100000000 0.001500000 
0.105000000 0.001000000 
0.110000000 0.001000000 
0.115000000 0.000000000 
0.120000000 0.000000000 
0.125000000 0.000500000 
0.130000000 0.000000000 
0.135000000 0.000000000 
0.140000000 0.000000000 
0.145000000 0.000000000 
0.150000000 0.000000000 
0.155000000 0.000000000 
0.160000000 0.000000000 
0.165000000 0.000000000 
0.170000000 0.000000000 
0.175000000 0.000000000 
0.180000000 0.000000000 
0.185000000 0.000000000 
0.190000000 0.000000000 
0.195000000 0.000000000 
0.200000000 0.000000000 
0.205000000 0.000000000 
0.210000000 0.000000000 
0.215000000 0.000000000 
0.220000000 0.000000000 
0.225000000 0.000000000 
0.230000000 0.000000000 
0.235000000 0.000000000 
0.240000000 0.000000000 
0.245000000 0.000000000 
0.250000000 0.000000000 
0.255000000 0.000000000 
0.260000000 0.000000000 
0.265000000 0.000000000 
0.270000000 0.000000000 
0.275000000 0.000000000 
0.280000000 0.000000000 
0.285000000 0.000000000 
0.290000000 0.000000000 
0.295000000 0.000000000 
0.300000000 0.000000000 
0.305000000 0.000000000 
0.310000000 0.000000000 
0.315000000 0.000000000 
0.320000000 0.000000000 
0.325000000 0.000000000 
0.330000000 0.000000000 
0.335000000 0.000000000 
0.340000000 0.000000000 
0.345000000 0.000000000 
0.350000000 0.000000000 
0.355000000 0.000000000 
0.360000000 0.000000000 
0.365000000 0.000000000 
0.370000000 0.000000000 
0.375000000 0.000000000 
0.380000000 0.000000000 
0.385000000 0.000000000 
0.390000000 0.000000000 
0.395000000 0.000000000 
0.400000000 0.000000000 
0.405000000 0.000000000 
0.410000000 0.000000000 
0.415000000 0.000000000 
0.420000000 0.000000000 
0.425000000 0.000000000 
0.430000000 0.000000000 
0.435000000 0.000000000 
0.440000000 0.000000000 
0.445000000 0.000000000 
0.450000000 0.000000000 
0.455000000 0.000000000 
0.460000000 0.000000000 
0.465000000 0.000000000 
0.470000000 0.000000000 
0.475000000 0.000000000 
0.480000000 0.000000000 
0.485000000 0.000000000 
0.490000000 0.000000000 
0.495000000 0.000000000 
0.500000000 0.000000000 
0.505000000 0.000000000 
0.510000000 0.000000000 
0.515000000 0.000000000 
0.520000000 0.000000000 
0.525000000 0.000000000 
0.530000000 0.000000000 
0.535000000 0.000000000 
0.540000000 0.000000000 
0.545000000 0.000000000 
0.550000000 0.000000000 
0.555000000 0.000000000 
0.560000000 0.000000000 
0.565000000 0.000000000 
0.570000000 0.000000000 
0.575000000 0.000000000 
0.580000000 0.000000000 
0.585000000 0.000000000 
0.590000000 0.000000000 
0.595000000 0.000000000 
0.600000000 0.000000000 
0.605000000 0.000000000 
0.610000000 0.000000000 
0.615000000 0.000000000 
0.620000000 0.000000000 
0.625000000 0.000000000 
0.630000000 0.000000000 
0.635000000 0.000000000 
0.640000000 0.000000000 
0.645000000 0.000000000 
0.650000000 0.000000000 
0.655000000 0.000000000 
0.660000000 0.000000000 
0.665000000 0.000000000 
0.670000000 0.000000000 
0.675000000 0.000000000 
0.680000000 0.000000000 
0.685000000 0.000000000 
0.690000000 0.000000000 
0.695000000 0.000000000 
0.700000000 0.000000000 
0.705000000 0.000000000 
0.710000000 0.000000000 
0.715000000 0.000000000 
0.720000000 0.000000000 
0.725000000 0.000000000 
0.730000000 0.000000000 
0.735000000 0.000000000 
0.740000000 0.000000000 
0.745000000 0.000000000 
0.750000000 0.000000000 
0.755000000 0.000000000 
0.760000000 0.000000000 
0.765000000 0.000000000 
0.770000000 0.000000000 
0.775000000 0.000000000 
0.780000000 0.000000000 
0.785000000 0.000000000 
0.790000000 0.000000000 
0.795000000 0.000000000 
0.800000000 0.000000000 
0.805000000 0.000000000 
0.810000000 0.000000000 
0.815000000 0.000000000 
0.820000000 0.000000000 
0.825000000 0.000000000 
0.830000000 0.000000000 
0.835000000 0.000000000 
0.840000000 0.000000000 
0.845000000 0.000000000 
0.850000000 0.000000000 
0.855000000 0.000000000 
0.860000000 0.000000000 
0.865000000 0.000000000 
0.870000000 0.000000000 
0.875000000 0.000000000 
0.880000000 0.000000000 
0.885000000 0.000000000 
0.890000000 0.000000000 
0.895000000 0.000000000 
0.900000000 0.000000000 
0.905000000 0.000000000 
0.910000000 0.000000000 
0.915000000 0.000000000 
0.920000000 0.000000000 
0.925000000 0.000000000 
0.930000000 0.000000000 
0.935000000 0.000000000 
0.940000000 0.000000000 
0.945000000 0.000000000 
0.950000000 0.000000000 
0.955000000 0.000000000 
0.960000000 0.000000000 
0.965000000 0.000000000 
0.970000000 0.000000000 
0.975000000 0.000000000 
0.980000000 0.000000000 
0.985000000 0.000000000 
0.990000000 0.000000000 
0.995000000 0.000000000 
1.000000000 0.000000000 

6 6
201
0.000000000 1.000000000 
0.005000000 0.717500000 
0.010000000 0.521500000 
0.015000000 0.369000000 
0.020000000 0.275500000 
0.025000000 0.190500000 
0.030000000 0.129000000 
0.035000000 0.108500000 
0.040000000 0.068500000 
0.045000000 0.048500000 
0.050000000 0.035000000 
0.055000000 0.019500000 
0.060000000 0.013500000 
0.065000000 0.007000000 
0.070000000 0.009500000 
0.075000000 0.005000000 
0.080000000 0.002500000 
0.085000000 0.001500000 
0.090000000 0.004000000 
0.095000000 0.003500000 
0.100000000 0.001000000 
0.105000000 0.000500000 
0.110000000 0.000000000 
0.115000000 0.000000000 
0.120000000 0.000500000 
0.125000000 0.000000000 
0.130000000 0.000000000 
0.135000000 0.000500000 
0.140000000 0.000000000 
0.145000000 0.000000000 
0.150000000 0.000000000 
0.155000000 0.000000000 
0.160000000 0.000000000 
0.165000000 0.000000000 
0.170000000 0.000000000 
0.175000000 0.000000000 
0.180000000 0.000000000 
0.185000000 0.000000000 
0.190000000 0.000000000 
0.195000000 0.000000000 
0.200000000 0.000000000 
0.205000000 0.000000000 
0.210000000 0.000000000 
0.215000000 0.000000000 
0.220000000 0.000000000 
0.225000000 0.000000000 
0.230000000 0.000000000 
0.235000000 0.000000000 
0.240000000 0.000000000 
0.245000000 0.000000000 
0.250000000 0.000000000 
0.255000000 0.000000000 
0.260000000 0.000000000 
0.265000000 0.000000000 
0.270000000 0.000000000 
0.275000000 0.000000000 
0.280000000 0.000000000 
0.285000000 0.000000000 
0.290000000 0.000000000 
0.295000000 0.000000000 
0.300000000 0.000000000 
0.305000000 0.000000000 
0.310000000 0.000000000 
0.315000000 0.000000000 
0.320000000 0.000000000 
0.325000000 0.000000000 
0.330000000 0.000000000 
0.335000000 0.000000000 
0.340000000 0.000000000 
0.345000000 0.000000000 
0.350000000 0.000000000 
0.355000000 0.000000000 
0.360000000 0.000000000 
0.365000000 0.000000000 
0.370000000 0.000000000 
0.375000000 0.000000000 
0.380000000 0.000000000 
0.385000000 0.000000000 
0.390000000 0.000000000 
0.395000000 0.000000000 
0.400000000 0.000000000 
0.405000000 0.000000000 
0.410000000 0.000000000 
0.415000000 0.000000000 
0.420000000 0.000000000 
0.425000000 0.000000000 
0.430000000 0.000000000 
0.435000000 0.000000000 
0.440000000 0.000000000 
0.445000000 0.000000000 
0.450000000 0.000000000 
0.455000000 0.000000000 
0.460000000 0.000000000 
0.465000000 0.000000000 
0.470000000 0.000000000 
0.475000000 0.000000000 
0.480000000 0.000000000 
0.485000000 0.000000000 
0.490000000 0.000000000 
0.495000000 0.000000000 
0.500000000 0.000000000 
0.505000000 0.000000000 
0.510000000 0.000000000 
0.515000000 0.000000000 
0.520000000 0.000000000 
0.525000000 0.000000000 
0.530000000 0.000000000 
0.535000000 0.000000000 
0.540000000 0.000000000 
0.545000000 0.000000000 
0.550000000 0.000000000 
0.555000000 0.000000000 
0.560000000 0.000000000 
0.565000000 0.000000000 
0.570000000 0.000000000 
0.575000000 0.000000000 
0.580000000 0.000000000 
0.585000000 0.000000000 
0.590000000 0.000000000 
0.595000000 0.000000000 
0.600000000 0.000000000 
0.605000000 0.000000000 
0.610000000 0.000000000 
0.615000000 0.000000000 
0.620000000 0.000000000 
0.625000000 0.000000000 
0.630000000 0.000000000 
0.635000000 0.000000000 
0.640000000 0.000000000 
0.645000000 0.000000000 
0.650000000 0.000000000 
0.655000000 0.000000000 
0.660000000 0.000000000 
0.665000000 0.000000000 
0.670000000 0.000000000 
0.675000000 0.000000000 
0.680000000 0.000000000 
0.685000000 0.000000000 
0.690000000 0.000000000 
0.695000000 0.000000000 
0.700000000 0.000000000 
0.705000000 0.000000000 
0.710000000 0.000000000 
0.715000000 0.000000000 
0.720000000 0.000000000 
0.725000000 0.000000000 
0.730000000 0.000000000 
0.735000000 0.000000000 
0.740000000 0.000000000 
0.745000000 0.000000000 
0.750000000 0.000000000 
0.755000000 0.000000000 
0.760000000 0.000000000 
0.765000000 0.000000000 
0.770000000 0.000000000 
0.775000000 0.000000000 
0.780000000 0.000000000 
0.785000000 0.000000000 
0.790000000 0.000000000 
0.795000000 0.000000000 
0.800000000 0.000000000 
0.805000000 0.000000000 
0.810000000 0.000000000 
0.815000000 0.000000000 
0.820000000 0.000000000 
0.825000000 0.000000000 
0.830000000 0.000000000 
0.835000000 0.000000000 
0.840000000 0.000000000 
0.845000000 0.000000000 
0.850000000 0.000000000 
0.855000000 0.000000000 
0.860000000 0.000000000 
0.865000000 0.000000000 
0.870000000 0.000000000 
0.875000000 0.000000000 
0.880000000 0.000000000 
0.885000000 0.000000000 
0.890000000 0.000000000 
0.895000000 0.000000000 
0.900000000 0.000000000 
0.905000000 0.000000000 
0.910000000 0.000000000 
0.915000000 0.000000000 
0.920000000 0.000000000 
0.925000000 0.000000000 
0.930000000 0.000000000 
0.935000000 0.000000000 
0.940000000 0.000000000 
0.945000000 0.000000000 
0.950000000 0.000000000 
0.955000000 0.000000000 
0.960000000 0.000000000 
0.965000000 0.000000000 
0.970000000 0.000000000 
0.975000000 0.000000000 
0.980000000 0.000000000 
0.985000000 0.000000000 
0.990000000 0.000000000 
0.995000000 0.000000000 
1.000000000 0.000000000 

