8
8 0
201
0.000000000 1.000000000
0.005000000 1.000000000
0.010000000 1.000000000
0.015000000 1.000000000
0.020000000 1.000000000
0.025000000 1.000000000
0.030000000 1.000000000
0.035000000 1.000000000
0.040000000 1.000000000
0.045000000 1.000000000
0.050000000 1.000000000
0.055000000 1.000000000
0.060000000 1.000000000
0.065000000 1.000000000
0.070000000 1.000000000
0.075000000 1.000000000
0.080000000 1.000000000
0.085000000 1.000000000
0.090000000 1.000000000
0.095000000 1.000000000
0.100000000 1.000000000
0.105000000 1.000000000
0.110000000 1.000000000
0.115000000 1.000000000
0.120000000 1.000000000
0.125000000 1.000000000
0.130000000 1.000000000
0.135000000 1.000000000
0.140000000 1.000000000
0.145000000 1.000000000
0.150000000 1.000000000
0.155000000 1.000000000
0.160000000 1.000000000
0.165000000 1.000000000
0.170000000 1.000000000
0.175000000 1.000000000
0.180000000 1.000000000
0.185000000 1.000000000
0.190000000 1.000000000
0.195000000 1.000000000
0.200000000 1.000000000
0.205000000 1.000000000
0.210000000 1.000000000
0.215000000 1.000000000
0.220000000 1.000000000
0.225000000 1.000000000
0.230000000 1.000000000
0.235000000 1.000000000
0.240000000 1.000000000
0.245000000 1.000000000
0.250000000 1.000000000
0.255000000 1.000000000
0.260000000 1.000000000
0.265000000 1.000000000
0.270000000 1.000000000
0.275000000 1.000000000
0.280000000 1.000000000
0.285000000 1.000000000
0.290000000 1.000000000
0.295000000 1.000000000
0.300000000 1.000000000
0.305000000 1.000000000
0.310000000 1.000000000
0.315000000 1.000000000
0.320000000 1.000000000
0.325000000 1.000000000
0.330000000 1.000000000
0.335000000 1.000000000
0.340000000 1.000000000
0.345000000 1.000000000
0.350000000 1.000000000
0.355000000 1.000000000
0.360000000 1.000000000
0.365000000 1.000000000
0.370000000 1.000000000
0.375000000 1.000000000
0.380000000 0.999500000
0.385000000 1.000000000
0.390000000 1.000000000
0.395000000 1.000000000
0.400000000 0.999000000
0.405000000 0.999000000
0.410000000 0.997500000
0.415000000 0.997500000
0.420000000 0.997000000
0.425000000 0.995000000
0.430000000 0.991500000
0.435000000 0.982000000
0.440000000 0.973500000
0.445000000 0.966000000
0.450000000 0.949500000
0.455000000 0.943500000
0.460000000 0.913000000
0.465000000 0.883000000
0.470000000 0.845500000
0.475000000 0.814500000
0.480000000 0.762500000
0.485000000 0.700000000
0.490000000 0.633500000
0.495000000 0.596000000
0.500000000 0.528500000
0.505000000 0.465000000
0.510000000 0.376500000
0.515000000 0.331500000
0.520000000 0.301000000
0.525000000 0.219500000
0.530000000 0.178000000
0.535000000 0.138500000
0.540000000 0.125500000
0.545000000 0.084500000
0.550000000 0.054000000
0.555000000 0.049000000
0.560000000 0.039000000
0.565000000 0.027000000
0.570000000 0.017000000
0.575000000 0.010500000
0.580000000 0.003500000
0.585000000 0.004000000
0.590000000 0.001500000
0.595000000 0.002500000
0.600000000 0.000500000
0.605000000 0.000500000
0.610000000 0.000500000
0.615000000 0.000000000
0.620000000 0.000000000
0.625000000 0.000000000
0.630000000 0.000000000
0.635000000 0.000000000
0.640000000 0.000000000
0.645000000 0.000000000
0.650000000 0.000000000
0.655000000 0.000000000
0.660000000 0.000000000
0.665000000 0.000000000
0.670000000 0.000000000
0.675000000 0.000000000
0.680000000 0.000000000
0.685000000 0.000000000
0.690000000 0.000000000
0.695000000 0.000000000
0.700000000 0.000000000
0.705000000 0.000000000
0.710000000 0.000000000
0.715000000 0.000000000
0.720000000 0.000000000
0.725000000 0.000000000
0.730000000 0.000000000
0.735000000 0.000000000
0.740000000 0.000000000
0.745000000 0.000000000
0.750000000 0.000000000
0.755000000 0.000000000
0.760000000 0.000000000
0.765000000 0.000000000
0.770000000 0.000000000
0.775000000 0.000000000
0.780000000 0.000000000
0.785000000 0.000000000
0.790000000 0.000000000
0.795000000 0.000000000
0.800000000 0.000000000
0.805000000 0.000000000
0.810000000 0.000000000
0.815000000 0.000000000
0.820000000 0.000000000
0.825000000 0.000000000
0.830000000 0.000000000
0.835000000 0.000000000
0.840000000 0.000000000
0.845000000 0.000000000
0.850000000 0.000000000
0.855000000 0.000000000
0.860000000 0.000000000
0.865000000 0.000000000
0.870000000 0.000000000
0.875000000 0.000000000
0.880000000 0.000000000
0.885000000 0.000000000
0.890000000 0.000000000
0.895000000 0.000000000
0.900000000 0.000000000
0.905000000 0.000000000
0.910000000 0.000000000
0.915000000 0.000000000
0.920000000 0.000000000
0.925000000 0.000000000
0.930000000 0.000000000
0.935000000 0.000000000
0.940000000 0.000000000
0.945000000 0.000000000
0.950000000 0.000000000
0.955000000 0.000000000
0.960000000 0.000000000
0.965000000 0.000000000
0.970000000 0.000000000
0.975000000 0.000000000
0.980000000 0.000000000
0.985000000 0.000000000
0.990000000 0.000000000
0.995000000 0.000000000
1.000000000 0.000000000

8 1
201
0.000000000 1.000000000
0.005000000 1.000000000
0.010000000 1.000000000
0.015000000 1.000000000
0.020000000 1.000000000
0.025000000 1.000000000
0.030000000 1.000000000
0.035000000 1.000000000
0.040000000 1.000000000
0.045000000 1.000000000
0.050000000 1.000000000
0.055000000 1.000000000
0.060000000 1.000000000
0.065000000 1.000000000
0.070000000 1.000000000
0.075000000 1.000000000
0.080000000 1.000000000
0.085000000 1.000000000
0.090000000 1.000000000
0.095000000 1.000000000
0.100000000 1.000000000
0.105000000 1.000000000
0.110000000 1.000000000
0.115000000 1.000000000
0.120000000 1.000000000
0.125000000 1.000000000
0.130000000 1.000000000
0.135000000 1.000000000
0.140000000 1.000000000
0.145000000 1.000000000
0.150000000 1.000000000
0.155000000 1.000000000
0.160000000 1.000000000
0.165000000 1.000000000
0.170000000 1.000000000
0.175000000 1.000000000
0.180000000 1.000000000
0.185000000 1.000000000
0.190000000 1.000000000
0.195000000 0.999500000
0.200000000 1.000000000
0.205000000 1.000000000
0.210000000 1.000000000
0.215000000 0.999500000
0.220000000 0.999000000
0.225000000 0.997000000
0.230000000 0.999000000
0.235000000 0.996000000
0.240000000 0.991000000
0.245000000 0.986500000
0.250000000 0.987500000
0.255000000 0.976000000
0.260000000 0.969500000
0.265000000 0.959500000
0.270000000 0.948000000
0.275000000 0.917500000
0.280000000 0.914000000
0.285000000 0.884000000
0.290000000 0.855500000
0.295000000 0.830500000
0.300000000 0.774500000
0.305000000 0.743000000
0.310000000 0.724000000
0.315000000 0.663000000
0.320000000 0.634000000
0.325000000 0.561500000
0.330000000 0.523500000
0.335000000 0.483000000
0.340000000 0.436000000
0.345000000 0.397000000
0.350000000 0.340000000
0.355000000 0.291500000
0.360000000 0.264000000
0.365000000 0.238000000
0.370000000 0.199500000
0.375000000 0.174500000
0.380000000 0.147500000
0.385000000 0.128500000
0.390000000 0.102500000
0.395000000 0.080000000
0.400000000 0.076000000
0.405000000 0.060000000
0.410000000 0.048000000
0.415000000 0.036000000
0.420000000 0.038000000
0.425000000 0.024500000
0.430000000 0.022000000
0.435000000 0.022500000
0.440000000 0.015500000
0.445000000 0.014000000
0.450000000 0.010500000
0.455000000 0.011000000
0.460000000 0.006500000
0.465000000 0.006000000
0.470000000 0.003000000
0.475000000 0.003500000
0.480000000 0.002000000
0.485000000 0.002500000
0.490000000 0.001000000
0.495000000 0.001500000
0.500000000 0.001500000
0.505000000 0.002000000
0.510000000 0.000500000
0.515000000 0.002000000
0.520000000 0.001000000
0.525000000 0.000000000
0.530000000 0.000500000
0.535000000 0.000500000
0.540000000 0.000500000
0.545000000 0.000500000
0.550000000 0.000000000
0.555000000 0.000500000
0.560000000 0.000000000
0.565000000 0.000000000
0.570000000 0.000000000
0.575000000 0.000000000
0.580000000 0.000000000
0.585000000 0.000000000
0.590000000 0.000000000
0.595000000 0.000000000
0.600000000 0.000000000
0.605000000 0.000000000
0.610000000 0.000000000
0.615000000 0.000000000
0.620000000 0.000000000
0.625000000 0.000000000
0.630000000 0.000000000
0.635000000 0.000000000
0.640000000 0.000000000
0.645000000 0.000000000
0.650000000 0.000000000
0.655000000 0.000000000
0.660000000 0.000000000
0.665000000 0.000000000
0.670000000 0.000000000
0.675000000 0.000000000
0.680000000 0.000000000
0.685000000 0.000000000
0.690000000 0.000000000
0.695000000 0.000000000
0.700000000 0.000000000
0.705000000 0.000000000
0.710000000 0.000000000
0.715000000 0.000000000
0.720000000 0.000000000
0.725000000 0.000000000
0.730000000 0.000000000
0.735000000 0.000000000
0.740000000 0.000000000
0.745000000 0.000000000
0.750000000 0.000000000
0.755000000 0.000000000
0.760000000 0.000000000
0.765000000 0.000000000
0.770000000 0.000000000
0.775000000 0.000000000
0.780000000 0.000000000
0.785000000 0.000000000
0.790000000 0.000000000
0.795000000 0.000000000
0.800000000 0.000000000
0.805000000 0.000000000
0.810000000 0.000000000
0.815000000 0.000000000
0.820000000 0.000000000
0.825000000 0.000000000
0.830000000 0.000000000
0.835000000 0.000000000
0.840000000 0.000000000
0.845000000 0.000000000
0.850000000 0.000000000
0.855000000 0.000000000
0.860000000 0.000000000
0.865000000 0.000000000
0.870000000 0.000000000
0.875000000 0.000000000
0.880000000 0.000000000
0.885000000 0.000000000
0.890000000 0.000000000
0.895000000 0.000000000
0.900000000 0.000000000
0.905000000 0.000000000
0.910000000 0.000000000
0.915000000 0.000000000
0.920000000 0.000000000
0.925000000 0.000000000
0.930000000 0.000000000
0.935000000 0.000000000
0.940000000 0.000000000
0.945000000 0.000000000
0.950000000 0.000000000
0.955000000 0.000000000
0.960000000 0.000000000
0.965000000 0.000000000
0.970000000 0.000000000
0.975000000 0.000000000
0.980000000 0.000000000
0.985000000 0.000000000
0.990000000 0.000000000
0.995000000 0.000000000
1.000000000 0.000000000

8 2
201
0.000000000 1.000000000
0.005000000 1.000000000
0.010000000 1.000000000
0.015000000 1.000000000
0.020000000 1.000000000
0.025000000 1.000000000
0.030000000 1.000000000
0.035000000 1.000000000
0.040000000 1.000000000
0.045000000 1.000000000
0.050000000 1.000000000
0.055000000 1.000000000
0.060000000 1.000000000
0.065000000 1.000000000
0.070000000 1.000000000
0.075000000 1.000000000
0.080000000 0.999500000
0.085000000 0.999500000
0.090000000 0.997500000
0.095000000 0.997000000
0.100000000 0.993500000
0.105000000 0.985500000
0.110000000 0.982000000
0.115000000 0.972000000
0.120000000 0.942000000
0.125000000 0.920000000
0.130000000 0.905000000
0.135000000 0.851000000
0.140000000 0.814000000
0.145000000 0.777000000
0.150000000 0.711000000
0.155000000 0.644000000
0.160000000 0.564000000
0.165000000 0.499500000
0.170000000 0.445000000
0.175000000 0.375500000
0.180000000 0.297500000
0.185000000 0.271000000
0.190000000 0.204500000
0.195000000 0.167500000
0.200000000 0.135000000
0.205000000 0.111500000
0.210000000 0.081000000
0.215000000 0.057500000
0.220000000 0.041000000
0.225000000 0.035500000
0.230000000 0.019000000
0.235000000 0.018000000
0.240000000 0.015000000
0.245000000 0.006000000
0.250000000 0.006000000
0.255000000 0.003000000
0.260000000 0.001500000
0.265000000 0.003500000
0.270000000 0.002500000
0.275000000 0.000500000
0.280000000 0.000500000
0.285000000 0.000000000
0.290000000 0.000000000
0.295000000 0.000500000
0.300000000 0.000000000
0.305000000 0.000000000
0.310000000 0.000000000
0.315000000 0.000500000
0.320000000 0.000000000
0.325000000 0.000000000
0.330000000 0.000500000
0.335000000 0.000500000
0.340000000 0.000000000
0.345000000 0.000000000
0.350000000 0.000000000
0.355000000 0.000000000
0.360000000 0.000000000
0.365000000 0.000000000
0.370000000 0.000000000
0.375000000 0.000000000
0.380000000 0.000000000
0.385000000 0.000000000
0.390000000 0.000000000
0.395000000 0.000000000
0.400000000 0.000000000
0.405000000 0.000000000
0.410000000 0.000000000
0.415000000 0.000000000
0.420000000 0.000000000
0.425000000 0.000000000
0.430000000 0.000000000
0.435000000 0.000000000
0.440000000 0.000000000
0.445000000 0.000000000
0.450000000 0.000000000
0.455000000 0.000000000
0.460000000 0.000000000
0.465000000 0.000000000
0.470000000 0.000000000
0.475000000 0.000000000
0.480000000 0.000000000
0.485000000 0.000000000
0.490000000 0.000000000
0.495000000 0.000000000
0.500000000 0.000000000
0.505000000 0.000000000
0.510000000 0.000000000
0.515000000 0.000000000
0.520000000 0.000000000
0.525000000 0.000000000
0.530000000 0.000000000
0.535000000 0.000000000
0.540000000 0.000000000
0.545000000 0.000000000
0.550000000 0.000000000
0.555000000 0.000000000
0.560000000 0.000000000
0.565000000 0.000000000
0.570000000 0.000000000
0.575000000 0.000000000
0.580000000 0.000000000
0.585000000 0.000000000
0.590000000 0.000000000
0.595000000 0.000000000
0.600000000 0.000000000
0.605000000 0.000000000
0.610000000 0.000000000
0.615000000 0.000000000
0.620000000 0.000000000
0.625000000 0.000000000
0.630000000 0.000000000
0.635000000 0.000000000
0.640000000 0.000000000
0.645000000 0.000000000
0.650000000 0.000000000
0.655000000 0.000000000
0.660000000 0.000000000
0.665000000 0.000000000
0.670000000 0.000000000
0.675000000 0.000000000
0.680000000 0.000000000
0.685000000 0.000000000
0.690000000 0.000000000
0.695000000 0.000000000
0.700000000 0.000000000
0.705000000 0.000000000
0.710000000 0.000000000
0.715000000 0.000000000
0.720000000 0.000000000
0.725000000 0.000000000
0.730000000 0.000000000
0.735000000 0.000000000
0.740000000 0.000000000
0.745000000 0.000000000
0.750000000 0.000000000
0.755000000 0.000000000
0.760000000 0.000000000
0.765000000 0.000000000
0.770000000 0.000000000
0.775000000 0.000000000
0.780000000 0.000000000
0.785000000 0.000000000
0.790000000 0.000000000
0.795000000 0.000000000
0.800000000 0.000000000
0.805000000 0.000000000
0.810000000 0.000000000
0.815000000 0.000000000
0.820000000 0.000000000
0.825000000 0.000000000
0.830000000 0.000000000
0.835000000 0.000000000
0.840000000 0.000000000
0.845000000 0.000000000
0.850000000 0.000000000
0.855000000 0.000000000
0.860000000 0.000000000
0.865000000 0.000000000
0.870000000 0.000000000
0.875000000 0.000000000
0.880000000 0.000000000
0.885000000 0.000000000
0.890000000 0.000000000
0.895000000 0.000000000
0.900000000 0.000000000
0.905000000 0.000000000
0.910000000 0.000000000
0.915000000 0.000000000
0.920000000 0.000000000
0.925000000 0.000000000
0.930000000 0.000000000
0.935000000 0.000000000
0.940000000 0.000000000
0.945000000 0.000000000
0.950000000 0.000000000
0.955000000 0.000000000
0.960000000 0.000000000
0.965000000 0.000000000
0.970000000 0.000000000
0.975000000 0.000000000
0.980000000 0.000000000
0.985000000 0.000000000
0.990000000 0.000000000
0.995000000 0.000000000
1.000000000 0.000000000

8 3
201
0.000000000 1.000000000
0.005000000 1.000000000
0.010000000 1.000000000
0.015000000 1.000000000
0.020000000 1.000000000
0.025000000 1.000000000
0.030000000 0.999500000
0.035000000 0.991500000
0.040000000 0.981500000
0.045000000 0.944000000
0.050000000 0.891000000
0.055000000 0.817000000
0.060000000 0.708500000
0.065000000 0.591500000
0.070000000 0.500500000
0.075000000 0.400500000
0.080000000 0.282500000
0.085000000 0.208500000
0.090000000 0.158500000
0.095000000 0.100500000
0.100000000 0.067500000
0.105000000 0.036000000
0.110000000 0.020500000
0.115000000 0.016000000
0.120000000 0.010500000
0.125000000 0.005500000
0.130000000 0.003000000
0.135000000 0.000500000
0.140000000 0.001000000
0.145000000 0.000500000
0.150000000 0.000500000
0.155000000 0.000000000
0.160000000 0.000000000
0.165000000 0.000000000
0.170000000 0.000000000
0.175000000 0.000000000
0.180000000 0.000000000
0.185000000 0.000000000
0.190000000 0.000000000
0.195000000 0.000000000
0.200000000 0.000000000
0.205000000 0.000000000
0.210000000 0.000000000
0.215000000 0.000000000
0.220000000 0.000000000
0.225000000 0.000000000
0.230000000 0.000000000
0.235000000 0.000000000
0.240000000 0.000000000
0.245000000 0.000000000
0.250000000 0.000000000
0.255000000 0.000000000
0.260000000 0.000000000
0.265000000 0.000000000
0.270000000 0.000000000
0.275000000 0.000000000
0.280000000 0.000000000
0.285000000 0.000000000
0.290000000 0.000000000
0.295000000 0.000000000
0.300000000 0.000000000
0.305000000 0.000000000
0.310000000 0.000000000
0.315000000 0.000000000
0.320000000 0.000000000
0.325000000 0.000000000
0.330000000 0.000000000
0.335000000 0.000000000
0.340000000 0.000000000
0.345000000 0.000000000
0.350000000 0.000000000
0.355000000 0.000000000
0.360000000 0.000000000
0.365000000 0.000000000
0.370000000 0.000000000
0.375000000 0.000000000
0.380000000 0.000000000
0.385000000 0.000000000
0.390000000 0.000000000
0.395000000 0.000000000
0.400000000 0.000000000
0.405000000 0.000000000
0.410000000 0.000000000
0.415000000 0.000000000
0.420000000 0.000000000
0.425000000 0.000000000
0.430000000 0.000000000
0.435000000 0.000000000
0.440000000 0.000000000
0.445000000 0.000000000
0.450000000 0.000000000
0.455000000 0.000000000
0.460000000 0.000000000
0.465000000 0.000000000
0.470000000 0.000000000
0.475000000 0.000000000
0.480000000 0.000000000
0.485000000 0.000000000
0.490000000 0.000000000
0.495000000 0.000000000
0.500000000 0.000000000
0.505000000 0.000000000
0.510000000 0.000000000
0.515000000 0.000000000
0.520000000 0.000000000
0.525000000 0.000000000
0.530000000 0.000000000
0.535000000 0.000000000
0.540000000 0.000000000
0.545000000 0.000000000
0.550000000 0.000000000
0.555000000 0.000000000
0.560000000 0.000000000
0.565000000 0.000000000
0.570000000 0.000000000
0.575000000 0.000000000
0.580000000 0.000000000
0.585000000 0.000000000
0.590000000 0.000000000
0.595000000 0.000000000
0.600000000 0.000000000
0.605000000 0.000000000
0.610000000 0.000000000
0.615000000 0.000000000
0.620000000 0.000000000
0.625000000 0.000000000
0.630000000 0.000000000
0.635000000 0.000000000
0.640000000 0.000000000
0.645000000 0.000000000
0.650000000 0.000000000
0.655000000 0.000000000
0.660000000 0.000000000
0.665000000 0.000000000
0.670000000 0.000000000
0.675000000 0.000000000
0.680000000 0.000000000
0.685000000 0.000000000
0.690000000 0.000000000
0.695000000 0.000000000
0.700000000 0.000000000
0.705000000 0.000000000
0.710000000 0.000000000
0.715000000 0.000000000
0.720000000 0.000000000
0.725000000 0.000000000
0.730000000 0.000000000
0.735000000 0.000000000
0.740000000 0.000000000
0.745000000 0.000000000
0.750000000 0.000000000
0.755000000 0.000000000
0.760000000 0.000000000
0.765000000 0.000000000
0.770000000 0.000000000
0.775000000 0.000000000
0.780000000 0.000000000
0.785000000 0.000000000
0.790000000 0.000000000
0.795000000 0.000000000
0.800000000 0.000000000
0.805000000 0.000000000
0.810000000 0.000000000
0.815000000 0.000000000
0.820000000 0.000000000
0.825000000 0.000000000
0.830000000 0.000000000
0.835000000 0.000000000
0.840000000 0.000000000
0.845000000 0.000000000
0.850000000 0.000000000
0.855000000 0.000000000
0.860000000 0.000000000
0.865000000 0.000000000
0.870000000 0.000000000
0.875000000 0.000000000
0.880000000 0.000000000
0.885000000 0.000000000
0.890000000 0.000000000
0.895000000 0.000000000
0.900000000 0.000000000
0.905000000 0.000000000
0.910000000 0.000000000
0.915000000 0.000000000
0.920000000 0.000000000
0.925000000 0.000000000
0.930000000 0.000000000
0.935000000 0.000000000
0.940000000 0.000000000
0.945000000 0.000000000
0.950000000 0.000000000
0.955000000 0.000000000
0.960000000 0.000000000
0.965000000 0.000000000
0.970000000 0.000000000
0.975000000 0.000000000
0.980000000 0.000000000
0.985000000 0.000000000
0.990000000 0.000000000
0.995000000 0.000000000
1.000000000 0.000000000

8 4
201
0.000000000 1.000000000
0.005000000 1.000000000
0.010000000 0.996000000
0.015000000 0.973000000
0.020000000 0.869500000
0.025000000 0.707500000
0.030000000 0.530000000
0.035000000 0.373000000
0.040000000 0.222500000
0.045000000 0.131000000
0.050000000 0.074000000
0.055000000 0.041500000
0.060000000 0.015000000
0.065000000 0.009000000
0.070000000 0.004000000
0.075000000 0.003000000
0.080000000 0.000500000
0.085000000 0.000000000
0.090000000 0.000500000
0.095000000 0.000000000
0.100000000 0.000000000
0.105000000 0.000000000
0.110000000 0.000000000
0.115000000 0.000000000
0.120000000 0.000000000
0.125000000 0.000000000
0.130000000 0.000000000
0.135000000 0.000000000
0.140000000 0.000000000
0.145000000 0.000000000
0.150000000 0.000000000
0.155000000 0.000000000
0.160000000 0.000000000
0.165000000 0.000000000
0.170000000 0.000000000
0.175000000 0.000000000
0.180000000 0.000000000
0.185000000 0.000000000
0.190000000 0.000000000
0.195000000 0.000000000
0.200000000 0.000000000
0.205000000 0.000000000
0.210000000 0.000000000
0.215000000 0.000000000
0.220000000 0.000000000
0.225000000 0.000000000
0.230000000 0.000000000
0.235000000 0.000000000
0.240000000 0.000000000
0.245000000 0.000000000
0.250000000 0.000000000
0.255000000 0.000000000
0.260000000 0.000000000
0.265000000 0.000000000
0.270000000 0.000000000
0.275000000 0.000000000
0.280000000 0.000000000
0.285000000 0.000000000
0.290000000 0.000000000
0.295000000 0.000000000
0.300000000 0.000000000
0.305000000 0.000000000
0.310000000 0.000000000
0.315000000 0.000000000
0.320000000 0.000000000
0.325000000 0.000000000
0.330000000 0.000000000
0.335000000 0.000000000
0.340000000 0.000000000
0.345000000 0.000000000
0.350000000 0.000000000
0.355000000 0.000000000
0.360000000 0.000000000
0.365000000 0.000000000
0.370000000 0.000000000
0.375000000 0.000000000
0.380000000 0.000000000
0.385000000 0.000000000
0.390000000 0.000000000
0.395000000 0.000000000
0.400000000 0.000000000
0.405000000 0.000000000
0.410000000 0.000000000
0.415000000 0.000000000
0.420000000 0.000000000
0.425000000 0.000000000
0.430000000 0.000000000
0.435000000 0.000000000
0.440000000 0.000000000
0.445000000 0.000000000
0.450000000 0.000000000
0.455000000 0.000000000
0.460000000 0.000000000
0.465000000 0.000000000
0.470000000 0.000000000
0.475000000 0.000000000
0.480000000 0.000000000
0.485000000 0.000000000
0.490000000 0.000000000
0.495000000 0.000000000
0.500000000 0.000000000
0.505000000 0.000000000
0.510000000 0.000000000
0.515000000 0.000000000
0.520000000 0.000000000
0.525000000 0.000000000
0.530000000 0.000000000
0.535000000 0.000000000
0.540000000 0.000000000
0.545000000 0.000000000
0.550000000 0.000000000
0.555000000 0.000000000
0.560000000 0.000000000
0.565000000 0.000000000
0.570000000 0.000000000
0.575000000 0.000000000
0.580000000 0.000000000
0.585000000 0.000000000
0.590000000 0.000000000
0.595000000 0.000000000
0.600000000 0.000000000
0.605000000 0.000000000
0.610000000 0.000000000
0.615000000 0.000000000
0.620000000 0.000000000
0.625000000 0.000000000
0.630000000 0.000000000
0.635000000 0.000000000
0.640000000 0.000000000
0.645000000 0.000000000
0.650000000 0.000000000
0.655000000 0.000000000
0.660000000 0.000000000
0.665000000 0.000000000
0.670000000 0.000000000
0.675000000 0.000000000
0.680000000 0.000000000
0.685000000 0.000000000
0.690000000 0.000000000
0.695000000 0.000000000
0.700000000 0.000000000
0.705000000 0.000000000
0.710000000 0.000000000
0.715000000 0.000000000
0.720000000 0.000000000
0.725000000 0.000000000
0.730000000 0.000000000
0.735000000 0.000000000
0.740000000 0.000000000
0.745000000 0.000000000
0.750000000 0.000000000
0.755000000 0.000000000
0.760000000 0.000000000
0.765000000 0.000000000
0.770000000 0.000000000
0.775000000 0.000000000
0.780000000 0.000000000
0.785000000 0.000000000
0.790000000 0.000000000
0.795000000 0.000000000
0.800000000 0.000000000
0.805000000 0.000000000
0.810000000 0.000000000
0.815000000 0.000000000
0.820000000 0.000000000
0.825000000 0.000000000
0.830000000 0.000000000
0.835000000 0.000000000
0.840000000 0.000000000
0.845000000 0.000000000
0.850000000 0.000000000
0.855000000 0.000000000
0.860000000 0.000000000
0.865000000 0.000000000
0.870000000 0.000000000
0.875000000 0.000000000
0.880000000 0.000000000
0.885000000 0.000000000
0.890000000 0.000000000
0.895000000 0.000000000
0.900000000 0.000000000
0.905000000 0.000000000
0.910000000 0.000000000
0.915000000 0.000000000
0.920000000 0.000000000
0.925000000 0.000000000
0.930000000 0.000000000
0.935000000 0.000000000
0.940000000 0.000000000
0.945000000 0.000000000
0.950000000 0.000000000
0.955000000 0.000000000
0.960000000 0.000000000
0.965000000 0.000000000
0.970000000 0.000000000
0.975000000 0.000000000
0.980000000 0.000000000
0.985000000 0.000000000
0.990000000 0.000000000
0.995000000 0.000000000
1.000000000 0.000000000

8 5
201
0.000000000 1.000000000
0.005000000 0.957500000
0.010000000 0.738500000
0.015000000 0.464500000
0.020000000 0.250500000
0.025000000 0.128000000
0.030000000 0.047500000
0.035000000 0.025000000
0.040000000 0.011000000
0.045000000 0.003000000
0.050000000 0.002500000
0.055000000 0.000500000
0.060000000 0.000000000
0.065000000 0.000000000
0.070000000 0.000000000
0.075000000 0.000000000
0.080000000 0.000000000
0.085000000 0.000000000
0.090000000 0.000000000
0.095000000 0.000000000
0.100000000 0.000000000
0.105000000 0.000000000
0.110000000 0.000000000
0.115000000 0.000000000
0.120000000 0.000000000
0.125000000 0.000000000
0.130000000 0.000000000
0.135000000 0.000000000
0.140000000 0.000000000
0.145000000 0.000000000
0.150000000 0.000000000
0.155000000 0.000000000
0.160000000 0.000000000
0.165000000 0.000000000
0.170000000 0.000000000
0.175000000 0.000000000
0.180000000 0.000000000
0.185000000 0.000000000
0.190000000 0.000000000
0.195000000 0.000000000
0.200000000 0.000000000
0.205000000 0.000000000
0.210000000 0.000000000
0.215000000 0.000000000
0.220000000 0.000000000
0.225000000 0.000000000
0.230000000 0.000000000
0.235000000 0.000000000
0.240000000 0.000000000
0.245000000 0.000000000
0.250000000 0.000000000
0.255000000 0.000000000
0.260000000 0.000000000
0.265000000 0.000000000
0.270000000 0.000000000
0.275000000 0.000000000
0.280000000 0.000000000
0.285000000 0.000000000
0.290000000 0.000000000
0.295000000 0.000000000
0.300000000 0.000000000
0.305000000 0.000000000
0.310000000 0.000000000
0.315000000 0.000000000
0.320000000 0.000000000
0.325000000 0.000000000
0.330000000 0.000000000
0.335000000 0.000000000
0.340000000 0.000000000
0.345000000 0.000000000
0.350000000 0.000000000
0.355000000 0.000000000
0.360000000 0.000000000
0.365000000 0.000000000
0.370000000 0.000000000
0.375000000 0.000000000
0.380000000 0.000000000
0.385000000 0.000000000
0.390000000 0.000000000
0.395000000 0.000000000
0.400000000 0.000000000
0.405000000 0.000000000
0.410000000 0.000000000
0.415000000 0.000000000
0.420000000 0.000000000
0.425000000 0.000000000
0.430000000 0.000000000
0.435000000 0.000000000
0.440000000 0.000000000
0.445000000 0.000000000
0.450000000 0.000000000
0.455000000 0.000000000
0.460000000 0.000000000
0.465000000 0.000000000
0.470000000 0.000000000
0.475000000 0.000000000
0.480000000 0.000000000
0.485000000 0.000000000
0.490000000 0.000000000
0.495000000 0.000000000
0.500000000 0.000000000
0.505000000 0.000000000
0.510000000 0.000000000
0.515000000 0.000000000
0.520000000 0.000000000
0.525000000 0.000000000
0.530000000 0.000000000
0.535000000 0.000000000
0.540000000 0.000000000
0.545000000 0.000000000
0.550000000 0.000000000
0.555000000 0.000000000
0.560000000 0.000000000
0.565000000 0.000000000
0.570000000 0.000000000
0.575000000 0.000000000
0.580000000 0.000000000
0.585000000 0.000000000
0.590000000 0.000000000
0.595000000 0.000000000
0.600000000 0.000000000
0.605000000 0.000000000
0.610000000 0.000000000
0.615000000 0.000000000
0.620000000 0.000000000
0.625000000 0.000000000
0.630000000 0.000000000
0.635000000 0.000000000
0.640000000 0.000000000
0.645000000 0.000000000
0.650000000 0.000000000
0.655000000 0.000000000
0.660000000 0.000000000
0.665000000 0.000000000
0.670000000 0.000000000
0.675000000 0.000000000
0.680000000 0.000000000
0.685000000 0.000000000
0.690000000 0.000000000
0.695000000 0.000000000
0.700000000 0.000000000
0.705000000 0.000000000
0.710000000 0.000000000
0.715000000 0.000000000
0.720000000 0.000000000
0.725000000 0.000000000
0.730000000 0.000000000
0.735000000 0.000000000
0.740000000 0.000000000
0.745000000 0.000000000
0.750000000 0.000000000
0.755000000 0.000000000
0.760000000 0.000000000
0.765000000 0.000000000
0.770000000 0.000000000
0.775000000 0.000000000
0.780000000 0.000000000
0.785000000 0.000000000
0.790000000 0.000000000
0.795000000 0.000000000
0.800000000 0.000000000
0.805000000 0.000000000
0.810000000 0.000000000
0.815000000 0.000000000
0.820000000 0.000000000
0.825000000 0.000000000
0.830000000 0.000000000
0.835000000 0.000000000
0.840000000 0.000000000
0.845000000 0.000000000
0.850000000 0.000000000
0.855000000 0.000000000
0.860000000 0.000000000
0.865000000 0.000000000
0.870000000 0.000000000
0.875000000 0.000000000
0.880000000 0.000000000
0.885000000 0.000000000
0.890000000 0.000000000
0.895000000 0.000000000
0.900000000 0.000000000
0.905000000 0.000000000
0.910000000 0.000000000
0.915000000 0.000000000
0.920000000 0.000000000
0.925000000 0.000000000
0.930000000 0.000000000
0.935000000 0.000000000
0.940000000 0.000000000
0.945000000 0.000000000
0.950000000 0.000000000
0.955000000 0.000000000
0.960000000 0.000000000
0.965000000 0.000000000
0.970000000 0.000000000
0.975000000 0.000000000
0.980000000 0.000000000
0.985000000 0.000000000
0.990000000 0.000000000
0.995000000 0.000000000
1.000000000 0.000000000

8 6
201
0.000000000 1.000000000
0.005000000 0.625500000
0.010000000 0.266000000
0.015000000 0.106500000
0.020000000 0.035000000
0.025000000 0.005500000
0.030000000 0.004500000
0.035000000 0.001000000
0.040000000 0.000500000
0.045000000 0.000000000
0.050000000 0.000000000
0.055000000 0.000000000
0.060000000 0.000000000
0.065000000 0.000000000
0.070000000 0.000000000
0.075000000 0.000000000
0.080000000 0.000000000
0.085000000 0.000000000
0.090000000 0.000000000
0.095000000 0.000000000
0.100000000 0.000000000
0.105000000 0.000000000
0.110000000 0.000000000
0.115000000 0.000000000
0.120000000 0.000000000
0.125000000 0.000000000
0.130000000 0.000000000
0.135000000 0.000000000
0.140000000 0.000000000
0.145000000 0.000000000
0.150000000 0.000000000
0.155000000 0.000000000
0.160000000 0.000000000
0.165000000 0.000000000
0.170000000 0.000000000
0.175000000 0.000000000
0.180000000 0.000000000
0.185000000 0.000000000
0.190000000 0.000000000
0.195000000 0.000000000
0.200000000 0.000000000
0.205000000 0.000000000
0.210000000 0.000000000
0.215000000 0.000000000
0.220000000 0.000000000
0.225000000 0.000000000
0.230000000 0.000000000
0.235000000 0.000000000
0.240000000 0.000000000
0.245000000 0.000000000
0.250000000 0.000000000
0.255000000 0.000000000
0.260000000 0.000000000
0.265000000 0.000000000
0.270000000 0.000000000
0.275000000 0.000000000
0.280000000 0.000000000
0.285000000 0.000000000
0.290000000 0.000000000
0.295000000 0.000000000
0.300000000 0.000000000
0.305000000 0.000000000
0.310000000 0.000000000
0.315000000 0.000000000
0.320000000 0.000000000
0.325000000 0.000000000
0.330000000 0.000000000
0.335000000 0.000000000
0.340000000 0.000000000
0.345000000 0.000000000
0.350000000 0.000000000
0.355000000 0.000000000
0.360000000 0.000000000
0.365000000 0.000000000
0.370000000 0.000000000
0.375000000 0.000000000
0.380000000 0.000000000
0.385000000 0.000000000
0.390000000 0.000000000
0.395000000 0.000000000
0.400000000 0.000000000
0.405000000 0.000000000
0.410000000 0.000000000
0.415000000 0.000000000
0.420000000 0.000000000
0.425000000 0.000000000
0.430000000 0.000000000
0.435000000 0.000000000
0.440000000 0.000000000
0.445000000 0.000000000
0.450000000 0.000000000
0.455000000 0.000000000
0.460000000 0.000000000
0.465000000 0.000000000
0.470000000 0.000000000
0.475000000 0.000000000
0.480000000 0.000000000
0.485000000 0.000000000
0.490000000 0.000000000
0.495000000 0.000000000
0.500000000 0.000000000
0.505000000 0.000000000
0.510000000 0.000000000
0.515000000 0.000000000
0.520000000 0.000000000
0.525000000 0.000000000
0.530000000 0.000000000
0.535000000 0.000000000
0.540000000 0.000000000
0.545000000 0.000000000
0.550000000 0.000000000
0.555000000 0.000000000
0.560000000 0.000000000
0.565000000 0.000000000
0.570000000 0.000000000
0.575000000 0.000000000
0.580000000 0.000000000
0.585000000 0.000000000
0.590000000 0.000000000
0.595000000 0.000000000
0.600000000 0.000000000
0.605000000 0.000000000
0.610000000 0.000000000
0.615000000 0.000000000
0.620000000 0.000000000
0.625000000 0.000000000
0.630000000 0.000000000
0.635000000 0.000000000
0.640000000 0.000000000
0.645000000 0.000000000
0.650000000 0.000000000
0.655000000 0.000000000
0.660000000 0.000000000
0.665000000 0.000000000
0.670000000 0.000000000
0.675000000 0.000000000
0.680000000 0.000000000
0.685000000 0.000000000
0.690000000 0.000000000
0.695000000 0.000000000
0.700000000 0.000000000
0.705000000 0.000000000
0.710000000 0.000000000
0.715000000 0.000000000
0.720000000 0.000000000
0.725000000 0.000000000
0.730000000 0.000000000
0.735000000 0.000000000
0.740000000 0.000000000
0.745000000 0.000000000
0.750000000 0.000000000
0.755000000 0.000000000
0.760000000 0.000000000
0.765000000 0.000000000
0.770000000 0.000000000
0.775000000 0.000000000
0.780000000 0.000000000
0.785000000 0.000000000
0.790000000 0.000000000
0.795000000 0.000000000
0.800000000 0.000000000
0.805000000 0.000000000
0.810000000 0.000000000
0.815000000 0.000000000
0.820000000 0.000000000
0.825000000 0.000000000
0.830000000 0.000000000
0.835000000 0.000000000
0.840000000 0.000000000
0.845000000 0.000000000
0.850000000 0.000000000
0.855000000 0.000000000
0.860000000 0.000000000
0.865000000 0.000000000
0.870000000 0.000000000
0.875000000 0.000000000
0.880000000 0.000000000
0.885000000 0.000000000
0.890000000 0.000000000
0.895000000 0.000000000
0.900000000 0.000000000
0.905000000 0.000000000
0.910000000 0.000000000
0.915000000 0.000000000
0.920000000 0.000000000
0.925000000 0.000000000
0.930000000 0.000000000
0.935000000 0.000000000
0.940000000 0.000000000
0.945000000 0.000000000
0.950000000 0.000000000
0.955000000 0.000000000
0.960000000 0.000000000
0.965000000 0.000000000
0.970000000 0.000000000
0.975000000 0.000000000
0.980000000 0.000000000
0.985000000 0.000000000
0.990000000 0.000000000
0.995000000 0.000000000
1.000000000 0.000000000

8 7
201
0.000000000 1.000000000
0.005000000 0.280000000
0.010000000 0.084500000
0.015000000 0.018000000
0.020000000 0.003000000
0.025000000 0.001500000
0.030000000 0.000500000
0.035000000 0.000000000
0.040000000 0.000000000
0.045000000 0.000000000
0.050000000 0.000000000
0.055000000 0.000000000
0.060000000 0.000000000
0.065000000 0.000000000
0.070000000 0.000000000
0.075000000 0.000000000
0.080000000 0.000000000
0.085000000 0.000000000
0.090000000 0.000000000
0.095000000 0.000000000
0.100000000 0.000000000
0.105000000 0.000000000
0.110000000 0.000000000
0.115000000 0.000000000
0.120000000 0.000000000
0.125000000 0.000000000
0.130000000 0.000000000
0.135000000 0.000000000
0.140000000 0.000000000
0.145000000 0.000000000
0.150000000 0.000000000
0.155000000 0.000000000
0.160000000 0.000000000
0.165000000 0.000000000
0.170000000 0.000000000
0.175000000 0.000000000
0.180000000 0.000000000
0.185000000 0.000000000
0.190000000 0.000000000
0.195000000 0.000000000
0.200000000 0.000000000
0.205000000 0.000000000
0.210000000 0.000000000
0.215000000 0.000000000
0.220000000 0.000000000
0.225000000 0.000000000
0.230000000 0.000000000
0.235000000 0.000000000
0.240000000 0.000000000
0.245000000 0.000000000
0.250000000 0.000000000
0.255000000 0.000000000
0.260000000 0.000000000
0.265000000 0.000000000
0.270000000 0.000000000
0.275000000 0.000000000
0.280000000 0.000000000
0.285000000 0.000000000
0.290000000 0.000000000
0.295000000 0.000000000
0.300000000 0.000000000
0.305000000 0.000000000
0.310000000 0.000000000
0.315000000 0.000000000
0.320000000 0.000000000
0.325000000 0.000000000
0.330000000 0.000000000
0.335000000 0.000000000
0.340000000 0.000000000
0.345000000 0.000000000
0.350000000 0.000000000
0.355000000 0.000000000
0.360000000 0.000000000
0.365000000 0.000000000
0.370000000 0.000000000
0.375000000 0.000000000
0.380000000 0.000000000
0.385000000 0.000000000
0.390000000 0.000000000
0.395000000 0.000000000
0.400000000 0.000000000
0.405000000 0.000000000
0.410000000 0.000000000
0.415000000 0.000000000
0.420000000 0.000000000
0.425000000 0.000000000
0.430000000 0.000000000
0.435000000 0.000000000
0.440000000 0.000000000
0.445000000 0.000000000
0.450000000 0.000000000
0.455000000 0.000000000
0.460000000 0.000000000
0.465000000 0.000000000
0.470000000 0.000000000
0.475000000 0.000000000
0.480000000 0.000000000
0.485000000 0.000000000
0.490000000 0.000000000
0.495000000 0.000000000
0.500000000 0.000000000
0.505000000 0.000000000
0.510000000 0.000000000
0.515000000 0.000000000
0.520000000 0.000000000
0.525000000 0.000000000
0.530000000 0.000000000
0.535000000 0.000000000
0.540000000 0.000000000
0.545000000 0.000000000
0.550000000 0.000000000
0.555000000 0.000000000
0.560000000 0.000000000
0.565000000 0.000000000
0.570000000 0.000000000
0.575000000 0.000000000
0.580000000 0.000000000
0.585000000 0.000000000
0.590000000 0.000000000
0.595000000 0.000000000
0.600000000 0.000000000
0.605000000 0.000000000
0.610000000 0.000000000
0.615000000 0.000000000
0.620000000 0.000000000
0.625000000 0.000000000
0.630000000 0.000000000
0.635000000 0.000000000
0.640000000 0.000000000
0.645000000 0.000000000
0.650000000 0.000000000
0.655000000 0.000000000
0.660000000 0.000000000
0.665000000 0.000000000
0.670000000 0.000000000
0.675000000 0.000000000
0.680000000 0.000000000
0.685000000 0.000000000
0.690000000 0.000000000
0.695000000 0.000000000
0.700000000 0.000000000
0.705000000 0.000000000
0.710000000 0.000000000
0.715000000 0.000000000
0.720000000 0.000000000
0.725000000 0.000000000
0.730000000 0.000000000
0.735000000 0.000000000
0.740000000 0.000000000
0.745000000 0.000000000
0.750000000 0.000000000
0.755000000 0.000000000
0.760000000 0.000000000
0.765000000 0.000000000
0.770000000 0.000000000
0.775000000 0.000000000
0.780000000 0.000000000
0.785000000 0.000000000
0.790000000 0.000000000
0.795000000 0.000000000
0.800000000 0.000000000
0.805000000 0.000000000
0.810000000 0.000000000
0.815000000 0.000000000
0.820000000 0.000000000
0.825000000 0.000000000
0.830000000 0.000000000
0.835000000 0.000000000
0.840000000 0.000000000
0.845000000 0.000000000
0.850000000 0.000000000
0.855000000 0.000000000
0.860000000 0.000000000
0.865000000 0.000000000
0.870000000 0.000000000
0.875000000 0.000000000
0.880000000 0.000000000
0.885000000 0.000000000
0.890000000 0.000000000
0.895000000 0.000000000
0.900000000 0.000000000
0.905000000 0.000000000
0.910000000 0.000000000
0.915000000 0.000000000
0.920000000 0.000000000
0.925000000 0.000000000
0.930000000 0.000000000
0.935000000 0.000000000
0.940000000 0.000000000
0.945000000 0.000000000
0.950000000 0.000000000
0.955000000 0.000000000
0.960000000 0.000000000
0.965000000 0.000000000
0.970000000 0.000000000
0.975000000 0.000000000
0.980000000 0.000000000
0.985000000 0.000000000
0.990000000 0.000000000
0.995000000 0.000000000
1.000000000 0.000000000

8 8
201
0.000000000 1.000000000
0.005000000 0.288000000
0.010000000 0.073000000
0.015000000 0.017000000
0.020000000 0.005000000
0.025000000 0.001000000
0.030000000 0.000500000
0.035000000 0.000000000
0.040000000 0.000000000
0.045000000 0.000000000
0.050000000 0.000000000
0.055000000 0.000000000
0.060000000 0.000000000
0.065000000 0.000000000
0.070000000 0.000000000
0.075000000 0.000000000
0.080000000 0.000000000
0.085000000 0.000000000
0.090000000 0.000000000
0.095000000 0.000000000
0.100000000 0.000000000
0.105000000 0.000000000
0.110000000 0.000000000
0.115000000 0.000000000
0.120000000 0.000000000
0.125000000 0.000000000
0.130000000 0.000000000
0.135000000 0.000000000
0.140000000 0.000000000
0.145000000 0.000000000
0.150000000 0.000000000
0.155000000 0.000000000
0.160000000 0.000000000
0.165000000 0.000000000
0.170000000 0.000000000
0.175000000 0.000000000
0.180000000 0.000000000
0.185000000 0.000000000
0.190000000 0.000000000
0.195000000 0.000000000
0.200000000 0.000000000
0.205000000 0.000000000
0.210000000 0.000000000
0.215000000 0.000000000
0.220000000 0.000000000
0.225000000 0.000000000
0.230000000 0.000000000
0.235000000 0.000000000
0.240000000 0.000000000
0.245000000 0.000000000
0.250000000 0.000000000
0.255000000 0.000000000
0.260000000 0.000000000
0.265000000 0.000000000
0.270000000 0.000000000
0.275000000 0.000000000
0.280000000 0.000000000
0.285000000 0.000000000
0.290000000 0.000000000
0.295000000 0.000000000
0.300000000 0.000000000
0.305000000 0.000000000
0.310000000 0.000000000
0.315000000 0.000000000
0.320000000 0.000000000
0.325000000 0.000000000
0.330000000 0.000000000
0.335000000 0.000000000
0.340000000 0.000000000
0.345000000 0.000000000
0.350000000 0.000000000
0.355000000 0.000000000
0.360000000 0.000000000
0.365000000 0.000000000
0.370000000 0.000000000
0.375000000 0.000000000
0.380000000 0.000000000
0.385000000 0.000000000
0.390000000 0.000000000
0.395000000 0.000000000
0.400000000 0.000000000
0.405000000 0.000000000
0.410000000 0.000000000
0.415000000 0.000000000
0.420000000 0.000000000
0.425000000 0.000000000
0.430000000 0.000000000
0.435000000 0.000000000
0.440000000 0.000000000
0.445000000 0.000000000
0.450000000 0.000000000
0.455000000 0.000000000
0.460000000 0.000000000
0.465000000 0.000000000
0.470000000 0.000000000
0.475000000 0.000000000
0.480000000 0.000000000
0.485000000 0.000000000
0.490000000 0.000000000
0.495000000 0.000000000
0.500000000 0.000000000
0.505000000 0.000000000
0.510000000 0.000000000
0.515000000 0.000000000
0.520000000 0.000000000
0.525000000 0.000000000
0.530000000 0.000000000
0.535000000 0.000000000
0.540000000 0.000000000
0.545000000 0.000000000
0.550000000 0.000000000
0.555000000 0.000000000
0.560000000 0.000000000
0.565000000 0.000000000
0.570000000 0.000000000
0.575000000 0.000000000
0.580000000 0.000000000
0.585000000 0.000000000
0.590000000 0.000000000
0.595000000 0.000000000
0.600000000 0.000000000
0.605000000 0.000000000
0.610000000 0.000000000
0.615000000 0.000000000
0.620000000 0.000000000
0.625000000 0.000000000
0.630000000 0.000000000
0.635000000 0.000000000
0.640000000 0.000000000
0.645000000 0.000000000
0.650000000 0.000000000
0.655000000 0.000000000
0.660000000 0.000000000
0.665000000 0.000000000
0.670000000 0.000000000
0.675000000 0.000000000
0.680000000 0.000000000
0.685000000 0.000000000
0.690000000 0.000000000
0.695000000 0.000000000
0.700000000 0.000000000
0.705000000 0.000000000
0.710000000 0.000000000
0.715000000 0.000000000
0.720000000 0.000000000
0.725000000 0.000000000
0.730000000 0.000000000
0.735000000 0.000000000
0.740000000 0.000000000
0.745000000 0.000000000
0.750000000 0.000000000
0.755000000 0.000000000
0.760000000 0.000000000
0.765000000 0.000000000
0.770000000 0.000000000
0.775000000 0.000000000
0.780000000 0.000000000
0.785000000 0.000000000
0.790000000 0.000000000
0.795000000 0.000000000
0.800000000 0.000000000
0.805000000 0.000000000
0.810000000 0.000000000
0.815000000 0.000000000
0.820000000 0.000000000
0.825000000 0.000000000
0.830000000 0.000000000
0.835000000 0.000000000
0.840000000 0.000000000
0.845000000 0.000000000
0.850000000 0.000000000
0.855000000 0.000000000
0.860000000 0.000000000
0.865000000 0.000000000
0.870000000 0.000000000
0.875000000 0.000000000
0.880000000 0.000000000
0.885000000 0.000000000
0.890000000 0.000000000
0.895000000 0.000000000
0.900000000 0.000000000
0.905000000 0.000000000
0.910000000 0.000000000
0.915000000 0.000000000
0.920000000 0.000000000
0.925000000 0.000000000
0.930000000 0.000000000
0.935000000 0.000000000
0.940000000 0.000000000
0.945000000 0.000000000
0.950000000 0.000000000
0.955000000 0.000000000
0.960000000 0.000000000
0.965000000 0.000000000
0.970000000 0.000000000
0.975000000 0.000000000
0.980000000 0.000000000
0.985000000 0.000000000
0.990000000 0.000000000
0.995000000 0.000000000
1.000000000 0.000000000

