5
5 0
201
0.000000000 1.000000000 
0.005000000 1.000000000 
0.010000000 1.000000000 
0.015000000 1.000000000 
0.020000000 1.000000000 
0.025000000 1.000000000 
0.030000000 1.000000000 
0.035000000 1.000000000 
0.040000000 1.000000000 
0.045000000 1.000000000 
0.050000000 1.000000000 
0.055000000 1.000000000 
0.060000000 1.000000000 
0.065000000 1.000000000 
0.070000000 1.000000000 
0.075000000 1.000000000 
0.080000000 1.000000000 
0.085000000 1.000000000 
0.090000000 1.000000000 
0.095000000 1.000000000 
0.100000000 1.000000000 
0.105000000 1.000000000 
0.110000000 1.000000000 
0.115000000 1.000000000 
0.120000000 1.000000000 
0.125000000 1.000000000 
0.130000000 1.000000000 
0.135000000 1.000000000 
0.140000000 1.000000000 
0.145000000 1.000000000 
0.150000000 1.000000000 
0.155000000 1.000000000 
0.160000000 1.000000000 
0.165000000 1.000000000 
0.170000000 1.000000000 
0.175000000 1.000000000 
0.180000000 1.000000000 
0.185000000 0.999500000 
0.190000000 1.000000000 
0.195000000 1.000000000 
0.200000000 1.000000000 
0.205000000 1.000000000 
0.210000000 0.999500000 
0.215000000 0.999500000 
0.220000000 1.000000000 
0.225000000 0.999500000 
0.230000000 1.000000000 
0.235000000 1.000000000 
0.240000000 0.999500000 
0.245000000 1.000000000 
0.250000000 1.000000000 
0.255000000 0.999000000 
0.260000000 0.999500000 
0.265000000 0.999000000 
0.270000000 0.998500000 
0.275000000 0.999500000 
0.280000000 0.998000000 
0.285000000 0.998000000 
0.290000000 0.995000000 
0.295000000 0.996500000 
0.300000000 0.993500000 
0.305000000 0.994500000 
0.310000000 0.993500000 
0.315000000 0.989500000 
0.320000000 0.989500000 
0.325000000 0.982500000 
0.330000000 0.986500000 
0.335000000 0.982000000 
0.340000000 0.975000000 
0.345000000 0.970500000 
0.350000000 0.972500000 
0.355000000 0.964500000 
0.360000000 0.964500000 
0.365000000 0.964000000 
0.370000000 0.944500000 
0.375000000 0.942000000 
0.380000000 0.935500000 
0.385000000 0.933500000 
0.390000000 0.929500000 
0.395000000 0.919000000 
0.400000000 0.919500000 
0.405000000 0.887000000 
0.410000000 0.885500000 
0.415000000 0.865500000 
0.420000000 0.864500000 
0.425000000 0.855000000 
0.430000000 0.836000000 
0.435000000 0.842000000 
0.440000000 0.802500000 
0.445000000 0.780000000 
0.450000000 0.781500000 
0.455000000 0.758000000 
0.460000000 0.731000000 
0.465000000 0.716500000 
0.470000000 0.715500000 
0.475000000 0.675500000 
0.480000000 0.666500000 
0.485000000 0.635500000 
0.490000000 0.631000000 
0.495000000 0.568000000 
0.500000000 0.569000000 
0.505000000 0.545000000 
0.510000000 0.526000000 
0.515000000 0.492000000 
0.520000000 0.480500000 
0.525000000 0.453000000 
0.530000000 0.440000000 
0.535000000 0.413500000 
0.540000000 0.411000000 
0.545000000 0.387000000 
0.550000000 0.359000000 
0.555000000 0.291500000 
0.560000000 0.292500000 
0.565000000 0.290000000 
0.570000000 0.253000000 
0.575000000 0.253500000 
0.580000000 0.226000000 
0.585000000 0.204500000 
0.590000000 0.219000000 
0.595000000 0.182500000 
0.600000000 0.159000000 
0.605000000 0.152500000 
0.610000000 0.137500000 
0.615000000 0.110500000 
0.620000000 0.110000000 
0.625000000 0.118000000 
0.630000000 0.085000000 
0.635000000 0.088500000 
0.640000000 0.087000000 
0.645000000 0.066000000 
0.650000000 0.054500000 
0.655000000 0.048500000 
0.660000000 0.049500000 
0.665000000 0.038000000 
0.670000000 0.037500000 
0.675000000 0.031500000 
0.680000000 0.022500000 
0.685000000 0.019000000 
0.690000000 0.015000000 
0.695000000 0.022500000 
0.700000000 0.015000000 
0.705000000 0.009500000 
0.710000000 0.006500000 
0.715000000 0.013000000 
0.720000000 0.005500000 
0.725000000 0.005000000 
0.730000000 0.002500000 
0.735000000 0.004500000 
0.740000000 0.004500000 
0.745000000 0.003500000 
0.750000000 0.002000000 
0.755000000 0.001500000 
0.760000000 0.001500000 
0.765000000 0.000500000 
0.770000000 0.001000000 
0.775000000 0.000500000 
0.780000000 0.000000000 
0.785000000 0.000500000 
0.790000000 0.001000000 
0.795000000 0.000000000 
0.800000000 0.000500000 
0.805000000 0.000500000 
0.810000000 0.000000000 
0.815000000 0.000000000 
0.820000000 0.000000000 
0.825000000 0.000000000 
0.830000000 0.000000000 
0.835000000 0.000000000 
0.840000000 0.000000000 
0.845000000 0.000000000 
0.850000000 0.000500000 
0.855000000 0.000000000 
0.860000000 0.000000000 
0.865000000 0.000000000 
0.870000000 0.000000000 
0.875000000 0.000000000 
0.880000000 0.000000000 
0.885000000 0.000000000 
0.890000000 0.000000000 
0.895000000 0.000000000 
0.900000000 0.000000000 
0.905000000 0.000000000 
0.910000000 0.000000000 
0.915000000 0.000000000 
0.920000000 0.000000000 
0.925000000 0.000000000 
0.930000000 0.000000000 
0.935000000 0.000000000 
0.940000000 0.000000000 
0.945000000 0.000000000 
0.950000000 0.000000000 
0.955000000 0.000000000 
0.960000000 0.000000000 
0.965000000 0.000000000 
0.970000000 0.000000000 
0.975000000 0.000000000 
0.980000000 0.000000000 
0.985000000 0.000000000 
0.990000000 0.000000000 
0.995000000 0.000000000 
1.000000000 0.000000000 

5 1
201
0.000000000 1.000000000 
0.005000000 1.000000000 
0.010000000 1.000000000 
0.015000000 1.000000000 
0.020000000 1.000000000 
0.025000000 1.000000000 
0.030000000 1.000000000 
0.035000000 1.000000000 
0.040000000 1.000000000 
0.045000000 1.000000000 
0.050000000 1.000000000 
0.055000000 1.000000000 
0.060000000 0.999500000 
0.065000000 0.999500000 
0.070000000 0.998500000 
0.075000000 0.997500000 
0.080000000 0.998000000 
0.085000000 0.996500000 
0.090000000 0.992500000 
0.095000000 0.994000000 
0.100000000 0.991500000 
0.105000000 0.989000000 
0.110000000 0.986500000 
0.115000000 0.986000000 
0.120000000 0.979000000 
0.125000000 0.966500000 
0.130000000 0.954000000 
0.135000000 0.961500000 
0.140000000 0.943500000 
0.145000000 0.937500000 
0.150000000 0.925500000 
0.155000000 0.918000000 
0.160000000 0.913500000 
0.165000000 0.900500000 
0.170000000 0.883000000 
0.175000000 0.861000000 
0.180000000 0.840500000 
0.185000000 0.838500000 
0.190000000 0.803500000 
0.195000000 0.781500000 
0.200000000 0.772500000 
0.205000000 0.755500000 
0.210000000 0.710500000 
0.215000000 0.710500000 
0.220000000 0.682500000 
0.225000000 0.660500000 
0.230000000 0.621000000 
0.235000000 0.606500000 
0.240000000 0.597000000 
0.245000000 0.571000000 
0.250000000 0.537000000 
0.255000000 0.525500000 
0.260000000 0.496500000 
0.265000000 0.478000000 
0.270000000 0.446000000 
0.275000000 0.400500000 
0.280000000 0.412500000 
0.285000000 0.391500000 
0.290000000 0.361000000 
0.295000000 0.331000000 
0.300000000 0.324500000 
0.305000000 0.302500000 
0.310000000 0.277000000 
0.315000000 0.263500000 
0.320000000 0.240500000 
0.325000000 0.241000000 
0.330000000 0.209500000 
0.335000000 0.226000000 
0.340000000 0.186000000 
0.345000000 0.172000000 
0.350000000 0.180000000 
0.355000000 0.152500000 
0.360000000 0.131500000 
0.365000000 0.122500000 
0.370000000 0.120500000 
0.375000000 0.108500000 
0.380000000 0.106000000 
0.385000000 0.100000000 
0.390000000 0.089500000 
0.395000000 0.084000000 
0.400000000 0.076000000 
0.405000000 0.069000000 
0.410000000 0.054000000 
0.415000000 0.057000000 
0.420000000 0.050000000 
0.425000000 0.054500000 
0.430000000 0.045500000 
0.435000000 0.035000000 
0.440000000 0.033500000 
0.445000000 0.026500000 
0.450000000 0.027500000 
0.455000000 0.031000000 
0.460000000 0.028500000 
0.465000000 0.024500000 
0.470000000 0.016500000 
0.475000000 0.013000000 
0.480000000 0.014000000 
0.485000000 0.014500000 
0.490000000 0.016000000 
0.495000000 0.012500000 
0.500000000 0.009500000 
0.505000000 0.012000000 
0.510000000 0.010000000 
0.515000000 0.010000000 
0.520000000 0.008000000 
0.525000000 0.005000000 
0.530000000 0.007000000 
0.535000000 0.005500000 
0.540000000 0.008000000 
0.545000000 0.007000000 
0.550000000 0.002500000 
0.555000000 0.002500000 
0.560000000 0.001500000 
0.565000000 0.005500000 
0.570000000 0.003500000 
0.575000000 0.002000000 
0.580000000 0.002000000 
0.585000000 0.000500000 
0.590000000 0.000500000 
0.595000000 0.000500000 
0.600000000 0.002000000 
0.605000000 0.000000000 
0.610000000 0.001000000 
0.615000000 0.001500000 
0.620000000 0.001500000 
0.625000000 0.001000000 
0.630000000 0.001000000 
0.635000000 0.000000000 
0.640000000 0.000500000 
0.645000000 0.000500000 
0.650000000 0.000500000 
0.655000000 0.000500000 
0.660000000 0.000500000 
0.665000000 0.000000000 
0.670000000 0.000000000 
0.675000000 0.000000000 
0.680000000 0.000000000 
0.685000000 0.000000000 
0.690000000 0.000000000 
0.695000000 0.000000000 
0.700000000 0.000000000 
0.705000000 0.000000000 
0.710000000 0.000000000 
0.715000000 0.000000000 
0.720000000 0.000000000 
0.725000000 0.000000000 
0.730000000 0.000000000 
0.735000000 0.000000000 
0.740000000 0.000000000 
0.745000000 0.000000000 
0.750000000 0.000000000 
0.755000000 0.000000000 
0.760000000 0.000000000 
0.765000000 0.000000000 
0.770000000 0.000000000 
0.775000000 0.000000000 
0.780000000 0.000000000 
0.785000000 0.000000000 
0.790000000 0.000000000 
0.795000000 0.000000000 
0.800000000 0.000000000 
0.805000000 0.000000000 
0.810000000 0.000000000 
0.815000000 0.000000000 
0.820000000 0.000000000 
0.825000000 0.000000000 
0.830000000 0.000000000 
0.835000000 0.000000000 
0.840000000 0.000000000 
0.845000000 0.000000000 
0.850000000 0.000000000 
0.855000000 0.000000000 
0.860000000 0.000000000 
0.865000000 0.000000000 
0.870000000 0.000000000 
0.875000000 0.000000000 
0.880000000 0.000000000 
0.885000000 0.000000000 
0.890000000 0.000000000 
0.895000000 0.000000000 
0.900000000 0.000000000 
0.905000000 0.000000000 
0.910000000 0.000000000 
0.915000000 0.000000000 
0.920000000 0.000000000 
0.925000000 0.000000000 
0.930000000 0.000000000 
0.935000000 0.000000000 
0.940000000 0.000000000 
0.945000000 0.000000000 
0.950000000 0.000000000 
0.955000000 0.000000000 
0.960000000 0.000000000 
0.965000000 0.000000000 
0.970000000 0.000000000 
0.975000000 0.000000000 
0.980000000 0.000000000 
0.985000000 0.000000000 
0.990000000 0.000000000 
0.995000000 0.000000000 
1.000000000 0.000000000 

5 2
201
0.000000000 1.000000000 
0.005000000 1.000000000 
0.010000000 0.999500000 
0.015000000 0.999000000 
0.020000000 0.994500000 
0.025000000 0.992500000 
0.030000000 0.986000000 
0.035000000 0.974500000 
0.040000000 0.961500000 
0.045000000 0.941500000 
0.050000000 0.924000000 
0.055000000 0.907500000 
0.060000000 0.878000000 
0.065000000 0.862000000 
0.070000000 0.840500000 
0.075000000 0.777500000 
0.080000000 0.749500000 
0.085000000 0.715500000 
0.090000000 0.684000000 
0.095000000 0.637500000 
0.100000000 0.639500000 
0.105000000 0.566500000 
0.110000000 0.551000000 
0.115000000 0.502000000 
0.120000000 0.485500000 
0.125000000 0.438000000 
0.130000000 0.412000000 
0.135000000 0.395500000 
0.140000000 0.347500000 
0.145000000 0.329000000 
0.150000000 0.288000000 
0.155000000 0.266500000 
0.160000000 0.244000000 
0.165000000 0.230000000 
0.170000000 0.206500000 
0.175000000 0.184000000 
0.180000000 0.172000000 
0.185000000 0.159000000 
0.190000000 0.128500000 
0.195000000 0.117000000 
0.200000000 0.106000000 
0.205000000 0.088000000 
0.210000000 0.087500000 
0.215000000 0.075000000 
0.220000000 0.071500000 
0.225000000 0.052500000 
0.230000000 0.060500000 
0.235000000 0.041000000 
0.240000000 0.037500000 
0.245000000 0.030500000 
0.250000000 0.037000000 
0.255000000 0.024500000 
0.260000000 0.020500000 
0.265000000 0.024000000 
0.270000000 0.023500000 
0.275000000 0.025000000 
0.280000000 0.012000000 
0.285000000 0.014000000 
0.290000000 0.008000000 
0.295000000 0.013500000 
0.300000000 0.008500000 
0.305000000 0.007500000 
0.310000000 0.004000000 
0.315000000 0.003500000 
0.320000000 0.003000000 
0.325000000 0.006000000 
0.330000000 0.003500000 
0.335000000 0.003000000 
0.340000000 0.002000000 
0.345000000 0.002500000 
0.350000000 0.002000000 
0.355000000 0.002000000 
0.360000000 0.001000000 
0.365000000 0.001500000 
0.370000000 0.001000000 
0.375000000 0.001500000 
0.380000000 0.001000000 
0.385000000 0.000000000 
0.390000000 0.001000000 
0.395000000 0.000000000 
0.400000000 0.000500000 
0.405000000 0.000000000 
0.410000000 0.000000000 
0.415000000 0.000500000 
0.420000000 0.000000000 
0.425000000 0.000000000 
0.430000000 0.000000000 
0.435000000 0.000000000 
0.440000000 0.000000000 
0.445000000 0.001000000 
0.450000000 0.000000000 
0.455000000 0.000000000 
0.460000000 0.000000000 
0.465000000 0.000500000 
0.470000000 0.000000000 
0.475000000 0.000000000 
0.480000000 0.000000000 
0.485000000 0.000000000 
0.490000000 0.000000000 
0.495000000 0.000000000 
0.500000000 0.000000000 
0.505000000 0.000000000 
0.510000000 0.000000000 
0.515000000 0.000000000 
0.520000000 0.000000000 
0.525000000 0.000000000 
0.530000000 0.000000000 
0.535000000 0.000000000 
0.540000000 0.000000000 
0.545000000 0.000000000 
0.550000000 0.000000000 
0.555000000 0.000000000 
0.560000000 0.000000000 
0.565000000 0.000000000 
0.570000000 0.000000000 
0.575000000 0.000000000 
0.580000000 0.000000000 
0.585000000 0.000000000 
0.590000000 0.000000000 
0.595000000 0.000000000 
0.600000000 0.000000000 
0.605000000 0.000000000 
0.610000000 0.000000000 
0.615000000 0.000000000 
0.620000000 0.000000000 
0.625000000 0.000000000 
0.630000000 0.000000000 
0.635000000 0.000000000 
0.640000000 0.000000000 
0.645000000 0.000000000 
0.650000000 0.000000000 
0.655000000 0.000000000 
0.660000000 0.000000000 
0.665000000 0.000000000 
0.670000000 0.000000000 
0.675000000 0.000000000 
0.680000000 0.000000000 
0.685000000 0.000000000 
0.690000000 0.000000000 
0.695000000 0.000000000 
0.700000000 0.000000000 
0.705000000 0.000000000 
0.710000000 0.000000000 
0.715000000 0.000000000 
0.720000000 0.000000000 
0.725000000 0.000000000 
0.730000000 0.000000000 
0.735000000 0.000000000 
0.740000000 0.000000000 
0.745000000 0.000000000 
0.750000000 0.000000000 
0.755000000 0.000000000 
0.760000000 0.000000000 
0.765000000 0.000000000 
0.770000000 0.000000000 
0.775000000 0.000000000 
0.780000000 0.000000000 
0.785000000 0.000000000 
0.790000000 0.000000000 
0.795000000 0.000000000 
0.800000000 0.000000000 
0.805000000 0.000000000 
0.810000000 0.000000000 
0.815000000 0.000000000 
0.820000000 0.000000000 
0.825000000 0.000000000 
0.830000000 0.000000000 
0.835000000 0.000000000 
0.840000000 0.000000000 
0.845000000 0.000000000 
0.850000000 0.000000000 
0.855000000 0.000000000 
0.860000000 0.000000000 
0.865000000 0.000000000 
0.870000000 0.000000000 
0.875000000 0.000000000 
0.880000000 0.000000000 
0.885000000 0.000000000 
0.890000000 0.000000000 
0.895000000 0.000000000 
0.900000000 0.000000000 
0.905000000 0.000000000 
0.910000000 0.000000000 
0.915000000 0.000000000 
0.920000000 0.000000000 
0.925000000 0.000000000 
0.930000000 0.000000000 
0.935000000 0.000000000 
0.940000000 0.000000000 
0.945000000 0.000000000 
0.950000000 0.000000000 
0.955000000 0.000000000 
0.960000000 0.000000000 
0.965000000 0.000000000 
0.970000000 0.000000000 
0.975000000 0.000000000 
0.980000000 0.000000000 
0.985000000 0.000000000 
0.990000000 0.000000000 
0.995000000 0.000000000 
1.000000000 0.000000000 

5 3
201
0.000000000 1.000000000 
0.005000000 0.991500000 
0.010000000 0.959500000 
0.015000000 0.916000000 
0.020000000 0.881000000 
0.025000000 0.804500000 
0.030000000 0.758500000 
0.035000000 0.720000000 
0.040000000 0.639000000 
0.045000000 0.581000000 
0.050000000 0.517500000 
0.055000000 0.474000000 
0.060000000 0.433500000 
0.065000000 0.381500000 
0.070000000 0.327500000 
0.075000000 0.302500000 
0.080000000 0.275500000 
0.085000000 0.251000000 
0.090000000 0.215000000 
0.095000000 0.181000000 
0.100000000 0.167500000 
0.105000000 0.134500000 
0.110000000 0.117500000 
0.115000000 0.095500000 
0.120000000 0.095500000 
0.125000000 0.069000000 
0.130000000 0.070500000 
0.135000000 0.060000000 
0.140000000 0.062000000 
0.145000000 0.042000000 
0.150000000 0.039500000 
0.155000000 0.029000000 
0.160000000 0.030000000 
0.165000000 0.025000000 
0.170000000 0.022500000 
0.175000000 0.020000000 
0.180000000 0.019000000 
0.185000000 0.012000000 
0.190000000 0.012000000 
0.195000000 0.009000000 
0.200000000 0.006000000 
0.205000000 0.006500000 
0.210000000 0.004000000 
0.215000000 0.005000000 
0.220000000 0.002500000 
0.225000000 0.003000000 
0.230000000 0.002500000 
0.235000000 0.001000000 
0.240000000 0.001000000 
0.245000000 0.001500000 
0.250000000 0.001500000 
0.255000000 0.001000000 
0.260000000 0.000000000 
0.265000000 0.000500000 
0.270000000 0.000000000 
0.275000000 0.000000000 
0.280000000 0.000500000 
0.285000000 0.000000000 
0.290000000 0.000500000 
0.295000000 0.000500000 
0.300000000 0.000000000 
0.305000000 0.000000000 
0.310000000 0.000000000 
0.315000000 0.000000000 
0.320000000 0.000000000 
0.325000000 0.000000000 
0.330000000 0.000000000 
0.335000000 0.000000000 
0.340000000 0.000000000 
0.345000000 0.000000000 
0.350000000 0.000500000 
0.355000000 0.000000000 
0.360000000 0.000000000 
0.365000000 0.000000000 
0.370000000 0.000000000 
0.375000000 0.000000000 
0.380000000 0.000000000 
0.385000000 0.000000000 
0.390000000 0.000000000 
0.395000000 0.000000000 
0.400000000 0.000000000 
0.405000000 0.000000000 
0.410000000 0.000000000 
0.415000000 0.000000000 
0.420000000 0.000000000 
0.425000000 0.000000000 
0.430000000 0.000000000 
0.435000000 0.000000000 
0.440000000 0.000000000 
0.445000000 0.000000000 
0.450000000 0.000000000 
0.455000000 0.000000000 
0.460000000 0.000000000 
0.465000000 0.000000000 
0.470000000 0.000000000 
0.475000000 0.000000000 
0.480000000 0.000000000 
0.485000000 0.000000000 
0.490000000 0.000000000 
0.495000000 0.000000000 
0.500000000 0.000000000 
0.505000000 0.000000000 
0.510000000 0.000000000 
0.515000000 0.000000000 
0.520000000 0.000000000 
0.525000000 0.000000000 
0.530000000 0.000000000 
0.535000000 0.000000000 
0.540000000 0.000000000 
0.545000000 0.000000000 
0.550000000 0.000000000 
0.555000000 0.000000000 
0.560000000 0.000000000 
0.565000000 0.000000000 
0.570000000 0.000000000 
0.575000000 0.000000000 
0.580000000 0.000000000 
0.585000000 0.000000000 
0.590000000 0.000000000 
0.595000000 0.000000000 
0.600000000 0.000000000 
0.605000000 0.000000000 
0.610000000 0.000000000 
0.615000000 0.000000000 
0.620000000 0.000000000 
0.625000000 0.000000000 
0.630000000 0.000000000 
0.635000000 0.000000000 
0.640000000 0.000000000 
0.645000000 0.000000000 
0.650000000 0.000000000 
0.655000000 0.000000000 
0.660000000 0.000000000 
0.665000000 0.000000000 
0.670000000 0.000000000 
0.675000000 0.000000000 
0.680000000 0.000000000 
0.685000000 0.000000000 
0.690000000 0.000000000 
0.695000000 0.000000000 
0.700000000 0.000000000 
0.705000000 0.000000000 
0.710000000 0.000000000 
0.715000000 0.000000000 
0.720000000 0.000000000 
0.725000000 0.000000000 
0.730000000 0.000000000 
0.735000000 0.000000000 
0.740000000 0.000000000 
0.745000000 0.000000000 
0.750000000 0.000000000 
0.755000000 0.000000000 
0.760000000 0.000000000 
0.765000000 0.000000000 
0.770000000 0.000000000 
0.775000000 0.000000000 
0.780000000 0.000000000 
0.785000000 0.000000000 
0.790000000 0.000000000 
0.795000000 0.000000000 
0.800000000 0.000000000 
0.805000000 0.000000000 
0.810000000 0.000000000 
0.815000000 0.000000000 
0.820000000 0.000000000 
0.825000000 0.000000000 
0.830000000 0.000000000 
0.835000000 0.000000000 
0.840000000 0.000000000 
0.845000000 0.000000000 
0.850000000 0.000000000 
0.855000000 0.000000000 
0.860000000 0.000000000 
0.865000000 0.000000000 
0.870000000 0.000000000 
0.875000000 0.000000000 
0.880000000 0.000000000 
0.885000000 0.000000000 
0.890000000 0.000000000 
0.895000000 0.000000000 
0.900000000 0.000000000 
0.905000000 0.000000000 
0.910000000 0.000000000 
0.915000000 0.000000000 
0.920000000 0.000000000 
0.925000000 0.000000000 
0.930000000 0.000000000 
0.935000000 0.000000000 
0.940000000 0.000000000 
0.945000000 0.000000000 
0.950000000 0.000000000 
0.955000000 0.000000000 
0.960000000 0.000000000 
0.965000000 0.000000000 
0.970000000 0.000000000 
0.975000000 0.000000000 
0.980000000 0.000000000 
0.985000000 0.000000000 
0.990000000 0.000000000 
0.995000000 0.000000000 
1.000000000 0.000000000 

5 4
201
0.000000000 1.000000000 
0.005000000 0.849000000 
0.010000000 0.729000000 
0.015000000 0.606000000 
0.020000000 0.503500000 
0.025000000 0.442000000 
0.030000000 0.379000000 
0.035000000 0.313500000 
0.040000000 0.276000000 
0.045000000 0.221000000 
0.050000000 0.205000000 
0.055000000 0.160500000 
0.060000000 0.139500000 
0.065000000 0.108500000 
0.070000000 0.093000000 
0.075000000 0.089500000 
0.080000000 0.071500000 
0.085000000 0.054000000 
0.090000000 0.059000000 
0.095000000 0.045000000 
0.100000000 0.031000000 
0.105000000 0.024500000 
0.110000000 0.022500000 
0.115000000 0.022000000 
0.120000000 0.017500000 
0.125000000 0.010500000 
0.130000000 0.012000000 
0.135000000 0.006000000 
0.140000000 0.005500000 
0.145000000 0.007000000 
0.150000000 0.006000000 
0.155000000 0.004000000 
0.160000000 0.002500000 
0.165000000 0.001000000 
0.170000000 0.002500000 
0.175000000 0.002000000 
0.180000000 0.003000000 
0.185000000 0.001500000 
0.190000000 0.001000000 
0.195000000 0.000500000 
0.200000000 0.001000000 
0.205000000 0.000500000 
0.210000000 0.000500000 
0.215000000 0.001000000 
0.220000000 0.000000000 
0.225000000 0.000000000 
0.230000000 0.000000000 
0.235000000 0.000000000 
0.240000000 0.000000000 
0.245000000 0.000000000 
0.250000000 0.000000000 
0.255000000 0.000000000 
0.260000000 0.000000000 
0.265000000 0.000000000 
0.270000000 0.000000000 
0.275000000 0.000000000 
0.280000000 0.000000000 
0.285000000 0.000000000 
0.290000000 0.000000000 
0.295000000 0.000000000 
0.300000000 0.000000000 
0.305000000 0.000000000 
0.310000000 0.000000000 
0.315000000 0.000000000 
0.320000000 0.000000000 
0.325000000 0.000000000 
0.330000000 0.000000000 
0.335000000 0.000000000 
0.340000000 0.000000000 
0.345000000 0.000000000 
0.350000000 0.000000000 
0.355000000 0.000000000 
0.360000000 0.000000000 
0.365000000 0.000000000 
0.370000000 0.000000000 
0.375000000 0.000000000 
0.380000000 0.000000000 
0.385000000 0.000000000 
0.390000000 0.000000000 
0.395000000 0.000000000 
0.400000000 0.000000000 
0.405000000 0.000000000 
0.410000000 0.000000000 
0.415000000 0.000000000 
0.420000000 0.000000000 
0.425000000 0.000000000 
0.430000000 0.000000000 
0.435000000 0.000000000 
0.440000000 0.000000000 
0.445000000 0.000000000 
0.450000000 0.000000000 
0.455000000 0.000000000 
0.460000000 0.000000000 
0.465000000 0.000000000 
0.470000000 0.000000000 
0.475000000 0.000000000 
0.480000000 0.000000000 
0.485000000 0.000000000 
0.490000000 0.000000000 
0.495000000 0.000000000 
0.500000000 0.000000000 
0.505000000 0.000000000 
0.510000000 0.000000000 
0.515000000 0.000000000 
0.520000000 0.000000000 
0.525000000 0.000000000 
0.530000000 0.000000000 
0.535000000 0.000000000 
0.540000000 0.000000000 
0.545000000 0.000000000 
0.550000000 0.000000000 
0.555000000 0.000000000 
0.560000000 0.000000000 
0.565000000 0.000000000 
0.570000000 0.000000000 
0.575000000 0.000000000 
0.580000000 0.000000000 
0.585000000 0.000000000 
0.590000000 0.000000000 
0.595000000 0.000000000 
0.600000000 0.000000000 
0.605000000 0.000000000 
0.610000000 0.000000000 
0.615000000 0.000000000 
0.620000000 0.000000000 
0.625000000 0.000000000 
0.630000000 0.000000000 
0.635000000 0.000000000 
0.640000000 0.000000000 
0.645000000 0.000000000 
0.650000000 0.000000000 
0.655000000 0.000000000 
0.660000000 0.000000000 
0.665000000 0.000000000 
0.670000000 0.000000000 
0.675000000 0.000000000 
0.680000000 0.000000000 
0.685000000 0.000000000 
0.690000000 0.000000000 
0.695000000 0.000000000 
0.700000000 0.000000000 
0.705000000 0.000000000 
0.710000000 0.000000000 
0.715000000 0.000000000 
0.720000000 0.000000000 
0.725000000 0.000000000 
0.730000000 0.000000000 
0.735000000 0.000000000 
0.740000000 0.000000000 
0.745000000 0.000000000 
0.750000000 0.000000000 
0.755000000 0.000000000 
0.760000000 0.000000000 
0.765000000 0.000000000 
0.770000000 0.000000000 
0.775000000 0.000000000 
0.780000000 0.000000000 
0.785000000 0.000000000 
0.790000000 0.000000000 
0.795000000 0.000000000 
0.800000000 0.000000000 
0.805000000 0.000000000 
0.810000000 0.000000000 
0.815000000 0.000000000 
0.820000000 0.000000000 
0.825000000 0.000000000 
0.830000000 0.000000000 
0.835000000 0.000000000 
0.840000000 0.000000000 
0.845000000 0.000000000 
0.850000000 0.000000000 
0.855000000 0.000000000 
0.860000000 0.000000000 
0.865000000 0.000000000 
0.870000000 0.000000000 
0.875000000 0.000000000 
0.880000000 0.000000000 
0.885000000 0.000000000 
0.890000000 0.000000000 
0.895000000 0.000000000 
0.900000000 0.000000000 
0.905000000 0.000000000 
0.910000000 0.000000000 
0.915000000 0.000000000 
0.920000000 0.000000000 
0.925000000 0.000000000 
0.930000000 0.000000000 
0.935000000 0.000000000 
0.940000000 0.000000000 
0.945000000 0.000000000 
0.950000000 0.000000000 
0.955000000 0.000000000 
0.960000000 0.000000000 
0.965000000 0.000000000 
0.970000000 0.000000000 
0.975000000 0.000000000 
0.980000000 0.000000000 
0.985000000 0.000000000 
0.990000000 0.000000000 
0.995000000 0.000000000 
1.000000000 0.000000000 

5 5
201
0.000000000 1.000000000 
0.005000000 0.835500000 
0.010000000 0.720500000 
0.015000000 0.633000000 
0.020000000 0.515500000 
0.025000000 0.459000000 
0.030000000 0.384000000 
0.035000000 0.308000000 
0.040000000 0.268000000 
0.045000000 0.223500000 
0.050000000 0.207500000 
0.055000000 0.159000000 
0.060000000 0.140000000 
0.065000000 0.108000000 
0.070000000 0.091500000 
0.075000000 0.082500000 
0.080000000 0.066500000 
0.085000000 0.057500000 
0.090000000 0.051500000 
0.095000000 0.039000000 
0.100000000 0.032000000 
0.105000000 0.029500000 
0.110000000 0.031000000 
0.115000000 0.021500000 
0.120000000 0.021500000 
0.125000000 0.019000000 
0.130000000 0.009000000 
0.135000000 0.008000000 
0.140000000 0.006000000 
0.145000000 0.010500000 
0.150000000 0.003000000 
0.155000000 0.004500000 
0.160000000 0.004500000 
0.165000000 0.002000000 
0.170000000 0.001000000 
0.175000000 0.002000000 
0.180000000 0.001500000 
0.185000000 0.001000000 
0.190000000 0.002000000 
0.195000000 0.000500000 
0.200000000 0.001500000 
0.205000000 0.001000000 
0.210000000 0.000500000 
0.215000000 0.000000000 
0.220000000 0.001500000 
0.225000000 0.000000000 
0.230000000 0.000000000 
0.235000000 0.000500000 
0.240000000 0.000500000 
0.245000000 0.000000000 
0.250000000 0.000000000 
0.255000000 0.000000000 
0.260000000 0.000000000 
0.265000000 0.000000000 
0.270000000 0.000000000 
0.275000000 0.000000000 
0.280000000 0.000000000 
0.285000000 0.000000000 
0.290000000 0.000000000 
0.295000000 0.000000000 
0.300000000 0.000000000 
0.305000000 0.000000000 
0.310000000 0.000000000 
0.315000000 0.000000000 
0.320000000 0.000000000 
0.325000000 0.000000000 
0.330000000 0.000000000 
0.335000000 0.000000000 
0.340000000 0.000000000 
0.345000000 0.000000000 
0.350000000 0.000000000 
0.355000000 0.000000000 
0.360000000 0.000000000 
0.365000000 0.000000000 
0.370000000 0.000000000 
0.375000000 0.000000000 
0.380000000 0.000000000 
0.385000000 0.000000000 
0.390000000 0.000000000 
0.395000000 0.000000000 
0.400000000 0.000000000 
0.405000000 0.000000000 
0.410000000 0.000000000 
0.415000000 0.000000000 
0.420000000 0.000000000 
0.425000000 0.000000000 
0.430000000 0.000000000 
0.435000000 0.000000000 
0.440000000 0.000000000 
0.445000000 0.000000000 
0.450000000 0.000000000 
0.455000000 0.000000000 
0.460000000 0.000000000 
0.465000000 0.000000000 
0.470000000 0.000000000 
0.475000000 0.000000000 
0.480000000 0.000000000 
0.485000000 0.000000000 
0.490000000 0.000000000 
0.495000000 0.000000000 
0.500000000 0.000000000 
0.505000000 0.000000000 
0.510000000 0.000000000 
0.515000000 0.000000000 
0.520000000 0.000000000 
0.525000000 0.000000000 
0.530000000 0.000000000 
0.535000000 0.000000000 
0.540000000 0.000000000 
0.545000000 0.000000000 
0.550000000 0.000000000 
0.555000000 0.000000000 
0.560000000 0.000000000 
0.565000000 0.000000000 
0.570000000 0.000000000 
0.575000000 0.000000000 
0.580000000 0.000000000 
0.585000000 0.000000000 
0.590000000 0.000000000 
0.595000000 0.000000000 
0.600000000 0.000000000 
0.605000000 0.000000000 
0.610000000 0.000000000 
0.615000000 0.000000000 
0.620000000 0.000000000 
0.625000000 0.000000000 
0.630000000 0.000000000 
0.635000000 0.000000000 
0.640000000 0.000000000 
0.645000000 0.000000000 
0.650000000 0.000000000 
0.655000000 0.000000000 
0.660000000 0.000000000 
0.665000000 0.000000000 
0.670000000 0.000000000 
0.675000000 0.000000000 
0.680000000 0.000000000 
0.685000000 0.000000000 
0.690000000 0.000000000 
0.695000000 0.000000000 
0.700000000 0.000000000 
0.705000000 0.000000000 
0.710000000 0.000000000 
0.715000000 0.000000000 
0.720000000 0.000000000 
0.725000000 0.000000000 
0.730000000 0.000000000 
0.735000000 0.000000000 
0.740000000 0.000000000 
0.745000000 0.000000000 
0.750000000 0.000000000 
0.755000000 0.000000000 
0.760000000 0.000000000 
0.765000000 0.000000000 
0.770000000 0.000000000 
0.775000000 0.000000000 
0.780000000 0.000000000 
0.785000000 0.000000000 
0.790000000 0.000000000 
0.795000000 0.000000000 
0.800000000 0.000000000 
0.805000000 0.000000000 
0.810000000 0.000000000 
0.815000000 0.000000000 
0.820000000 0.000000000 
0.825000000 0.000000000 
0.830000000 0.000000000 
0.835000000 0.000000000 
0.840000000 0.000000000 
0.845000000 0.000000000 
0.850000000 0.000000000 
0.855000000 0.000000000 
0.860000000 0.000000000 
0.865000000 0.000000000 
0.870000000 0.000000000 
0.875000000 0.000000000 
0.880000000 0.000000000 
0.885000000 0.000000000 
0.890000000 0.000000000 
0.895000000 0.000000000 
0.900000000 0.000000000 
0.905000000 0.000000000 
0.910000000 0.000000000 
0.915000000 0.000000000 
0.920000000 0.000000000 
0.925000000 0.000000000 
0.930000000 0.000000000 
0.935000000 0.000000000 
0.940000000 0.000000000 
0.945000000 0.000000000 
0.950000000 0.000000000 
0.955000000 0.000000000 
0.960000000 0.000000000 
0.965000000 0.000000000 
0.970000000 0.000000000 
0.975000000 0.000000000 
0.980000000 0.000000000 
0.985000000 0.000000000 
0.990000000 0.000000000 
0.995000000 0.000000000 
1.000000000 0.000000000 

