5
5 0
201
0.000000000 1.000000000 1.000000000
0.005000000 1.000000000 1.000000000
0.010000000 1.000000000 1.000000000
0.015000000 1.000000000 1.000000000
0.020000000 1.000000000 1.000000000
0.025000000 1.000000000 1.000000000
0.030000000 1.000000000 1.000000000
0.035000000 1.000000000 1.000000000
0.040000000 1.000000000 1.000000000
0.045000000 1.000000000 1.000000000
0.050000000 1.000000000 1.000000000
0.055000000 1.000000000 1.000000000
0.060000000 1.000000000 1.000000000
0.065000000 1.000000000 1.000000000
0.070000000 1.000000000 1.000000000
0.075000000 1.000000000 1.000000000
0.080000000 1.000000000 1.000000000
0.085000000 1.000000000 1.000000000
0.090000000 1.000000000 1.000000000
0.095000000 1.000000000 0.999999999
0.100000000 1.000000000 0.999999999
0.105000000 1.000000000 0.999999997
0.110000000 1.000000000 0.999999994
0.115000000 1.000000000 0.999999989
0.120000000 1.000000000 0.999999979
0.125000000 1.000000000 0.999999962
0.130000000 1.000000000 0.999999931
0.135000000 1.000000000 0.999999879
0.140000000 1.000000000 0.999999793
0.145000000 1.000000000 0.999999653
0.150000000 1.000000000 0.999999431
0.155000000 1.000000000 0.999999085
0.160000000 1.000000000 0.999998554
0.165000000 1.000000000 0.999997754
0.170000000 1.000000000 0.999996567
0.175000000 1.000000000 0.999994831
0.180000000 1.000000000 0.999992329
0.185000000 0.999500000 0.999988769
0.190000000 1.000000000 0.999983766
0.195000000 1.000000000 0.999976820
0.200000000 1.000000000 0.999967285
0.205000000 1.000000000 0.999954336
0.210000000 0.999500000 0.999936932
0.215000000 0.999500000 0.999913770
0.220000000 1.000000000 0.999883234
0.225000000 0.999500000 0.999843340
0.230000000 1.000000000 0.999791672
0.235000000 1.000000000 0.999725310
0.240000000 0.999500000 0.999640758
0.245000000 1.000000000 0.999533857
0.250000000 1.000000000 0.999399705
0.255000000 0.999000000 0.999232560
0.260000000 0.999500000 0.999025746
0.265000000 0.999000000 0.998771561
0.270000000 0.998500000 0.998461174
0.275000000 0.999500000 0.998084533
0.280000000 0.998000000 0.997630271
0.285000000 0.998000000 0.997085618
0.290000000 0.995000000 0.996436324
0.295000000 0.996500000 0.995666587
0.300000000 0.993500000 0.994758998
0.305000000 0.994500000 0.993694501
0.310000000 0.993500000 0.992452370
0.315000000 0.989500000 0.991010203
0.320000000 0.989500000 0.989343951
0.325000000 0.982500000 0.987427955
0.330000000 0.986500000 0.985235029
0.335000000 0.982000000 0.982736555
0.340000000 0.975000000 0.979902621
0.345000000 0.970500000 0.976702186
0.350000000 0.972500000 0.973103269
0.355000000 0.964500000 0.969073186
0.360000000 0.964500000 0.964578798
0.365000000 0.964000000 0.959586806
0.370000000 0.944500000 0.954064059
0.375000000 0.942000000 0.947977895
0.380000000 0.935500000 0.941296500
0.385000000 0.933500000 0.933989285
0.390000000 0.929500000 0.926027277
0.395000000 0.919000000 0.917383514
0.400000000 0.919500000 0.908033450
0.405000000 0.887000000 0.897955349
0.410000000 0.885500000 0.887130677
0.415000000 0.865500000 0.875544473
0.420000000 0.864500000 0.863185706
0.425000000 0.855000000 0.850047596
0.430000000 0.836000000 0.836127908
0.435000000 0.842000000 0.821429204
0.440000000 0.802500000 0.805959056
0.445000000 0.780000000 0.789730198
0.450000000 0.781500000 0.772760640
0.455000000 0.758000000 0.755073711
0.460000000 0.731000000 0.736698054
0.465000000 0.716500000 0.717667551
0.470000000 0.715500000 0.698021190
0.475000000 0.675500000 0.677802872
0.480000000 0.666500000 0.657061150
0.485000000 0.635500000 0.635848917
0.490000000 0.631000000 0.614223030
0.495000000 0.568000000 0.592243889
0.500000000 0.569000000 0.569974967
0.505000000 0.545000000 0.547482293
0.510000000 0.526000000 0.524833907
0.515000000 0.492000000 0.502099285
0.520000000 0.480500000 0.479348739
0.525000000 0.453000000 0.456652813
0.530000000 0.440000000 0.434081664
0.535000000 0.413500000 0.411704457
0.540000000 0.411000000 0.389588765
0.545000000 0.387000000 0.367799991
0.550000000 0.359000000 0.346400819
0.555000000 0.291500000 0.325450701
0.560000000 0.292500000 0.305005382
0.565000000 0.290000000 0.285116473
0.570000000 0.253000000 0.265831086
0.575000000 0.253500000 0.247191509
0.580000000 0.226000000 0.229234961
0.585000000 0.204500000 0.211993394
0.590000000 0.219000000 0.195493368
0.595000000 0.182500000 0.179755988
0.600000000 0.159000000 0.164796905
0.605000000 0.152500000 0.150626378
0.610000000 0.137500000 0.137249395
0.615000000 0.110500000 0.124665856
0.620000000 0.110000000 0.112870793
0.625000000 0.118000000 0.101854656
0.630000000 0.085000000 0.091603619
0.635000000 0.088500000 0.082099940
0.640000000 0.087000000 0.073322331
0.645000000 0.066000000 0.065246369
0.650000000 0.054500000 0.057844901
0.655000000 0.048500000 0.051088476
0.660000000 0.049500000 0.044945766
0.665000000 0.038000000 0.039383989
0.670000000 0.037500000 0.034369321
0.675000000 0.031500000 0.029867289
0.680000000 0.022500000 0.025843148
0.685000000 0.019000000 0.022262230
0.690000000 0.015000000 0.019090269
0.695000000 0.022500000 0.016293690
0.700000000 0.015000000 0.013839870
0.705000000 0.009500000 0.011697361
0.710000000 0.006500000 0.009836081
0.715000000 0.013000000 0.008227470
0.720000000 0.005500000 0.006844605
0.725000000 0.005000000 0.005662295
0.730000000 0.002500000 0.004657130
0.735000000 0.004500000 0.003807514
0.740000000 0.004500000 0.003093657
0.745000000 0.003500000 0.002497558
0.750000000 0.002000000 0.002002956
0.755000000 0.001500000 0.001595265
0.760000000 0.001500000 0.001261499
0.765000000 0.000500000 0.000990176
0.770000000 0.001000000 0.000771226
0.775000000 0.000500000 0.000595878
0.780000000 0.000000000 0.000456555
0.785000000 0.000500000 0.000346763
0.790000000 0.001000000 0.000260981
0.795000000 0.000000000 0.000194555
0.800000000 0.000500000 0.000143595
0.805000000 0.000500000 0.000104880
0.810000000 0.000000000 0.000075766
0.815000000 0.000000000 0.000054106
0.820000000 0.000000000 0.000038172
0.825000000 0.000000000 0.000026588
0.830000000 0.000000000 0.000018271
0.835000000 0.000000000 0.000012377
0.840000000 0.000000000 0.000008259
0.845000000 0.000000000 0.000005423
0.850000000 0.000500000 0.000003501
0.855000000 0.000000000 0.000002219
0.860000000 0.000000000 0.000001379
0.865000000 0.000000000 0.000000840
0.870000000 0.000000000 0.000000500
0.875000000 0.000000000 0.000000291
0.880000000 0.000000000 0.000000165
0.885000000 0.000000000 0.000000091
0.890000000 0.000000000 0.000000048
0.895000000 0.000000000 0.000000025
0.900000000 0.000000000 0.000000012
0.905000000 0.000000000 0.000000006
0.910000000 0.000000000 0.000000003
0.915000000 0.000000000 0.000000001
0.920000000 0.000000000 0.000000000
0.925000000 0.000000000 0.000000000
0.930000000 0.000000000 0.000000000
0.935000000 0.000000000 0.000000000
0.940000000 0.000000000 0.000000000
0.945000000 0.000000000 0.000000000
0.950000000 0.000000000 0.000000000
0.955000000 0.000000000 0.000000000
0.960000000 0.000000000 0.000000000
0.965000000 0.000000000 0.000000000
0.970000000 0.000000000 0.000000000
0.975000000 0.000000000 0.000000000
0.980000000 0.000000000 0.000000000
0.985000000 0.000000000 0.000000000
0.990000000 0.000000000 0.000000000
0.995000000 0.000000000 0.000000000
1.000000000 0.000000000 0.000000000

5 1
201
0.000000000 1.000000000 1.000000000
0.005000000 1.000000000 1.000000000
0.010000000 1.000000000 1.000000000
0.015000000 1.000000000 0.999999999
0.020000000 1.000000000 0.999999991
0.025000000 1.000000000 0.999999937
0.030000000 1.000000000 0.999999705
0.035000000 1.000000000 0.999998938
0.040000000 1.000000000 0.999996824
0.045000000 1.000000000 0.999991760
0.050000000 1.000000000 0.999980888
0.055000000 1.000000000 0.999959519
0.060000000 0.999500000 0.999920456
0.065000000 0.999500000 0.999853251
0.070000000 0.998500000 0.999743440
0.075000000 0.997500000 0.999571786
0.080000000 0.998000000 0.999313607
0.085000000 0.996500000 0.998938211
0.090000000 0.992500000 0.998408495
0.095000000 0.994000000 0.997680737
0.100000000 0.991500000 0.996704619
0.105000000 0.989000000 0.995423484
0.110000000 0.986500000 0.993774838
0.115000000 0.986000000 0.991691098
0.120000000 0.979000000 0.989100553
0.125000000 0.966500000 0.985928533
0.130000000 0.954000000 0.982098738
0.135000000 0.961500000 0.977534685
0.140000000 0.943500000 0.972161256
0.145000000 0.937500000 0.965906260
0.150000000 0.925500000 0.958702002
0.155000000 0.918000000 0.950486792
0.160000000 0.913500000 0.941206357
0.165000000 0.900500000 0.930815128
0.170000000 0.883000000 0.919277349
0.175000000 0.861000000 0.906568008
0.180000000 0.840500000 0.892673549
0.185000000 0.838500000 0.877592361
0.190000000 0.803500000 0.861335037
0.195000000 0.781500000 0.843924402
0.200000000 0.772500000 0.825395312
0.205000000 0.755500000 0.805794242
0.210000000 0.710500000 0.785178673
0.215000000 0.710500000 0.763616302
0.220000000 0.682500000 0.741184092
0.225000000 0.660500000 0.717967197
0.230000000 0.621000000 0.694057778
0.235000000 0.606500000 0.669553743
0.240000000 0.597000000 0.644557440
0.245000000 0.571000000 0.619174329
0.250000000 0.537000000 0.593511652
0.255000000 0.525500000 0.567677132
0.260000000 0.496500000 0.541777729
0.265000000 0.478000000 0.515918451
0.270000000 0.446000000 0.490201255
0.275000000 0.400500000 0.464724055
0.280000000 0.412500000 0.439579819
0.285000000 0.391500000 0.414855804
0.290000000 0.361000000 0.390632897
0.295000000 0.331000000 0.366985087
0.300000000 0.324500000 0.343979060
0.305000000 0.302500000 0.321673915
0.310000000 0.277000000 0.300120996
0.315000000 0.263500000 0.279363834
0.320000000 0.240500000 0.259438199
0.325000000 0.241000000 0.240372234
0.330000000 0.209500000 0.222186689
0.335000000 0.226000000 0.204895215
0.340000000 0.186000000 0.188504734
0.345000000 0.172000000 0.173015854
0.350000000 0.180000000 0.158423332
0.355000000 0.152500000 0.144716565
0.360000000 0.131500000 0.131880109
0.365000000 0.122500000 0.119894203
0.370000000 0.120500000 0.108735306
0.375000000 0.108500000 0.098376624
0.380000000 0.106000000 0.088788632
0.385000000 0.100000000 0.079939573
0.390000000 0.089500000 0.071795943
0.395000000 0.084000000 0.064322942
0.400000000 0.076000000 0.057484899
0.405000000 0.069000000 0.051245667
0.410000000 0.054000000 0.045568980
0.415000000 0.057000000 0.040418775
0.420000000 0.050000000 0.035759478
0.425000000 0.054500000 0.031556257
0.430000000 0.045500000 0.027775238
0.435000000 0.035000000 0.024383686
0.440000000 0.033500000 0.021350154
0.445000000 0.026500000 0.018644601
0.450000000 0.027500000 0.016238484
0.455000000 0.031000000 0.014104822
0.460000000 0.028500000 0.012218232
0.465000000 0.024500000 0.010554947
0.470000000 0.016500000 0.009092820
0.475000000 0.013000000 0.007811298
0.480000000 0.014000000 0.006691394
0.485000000 0.014500000 0.005715640
0.490000000 0.016000000 0.004868033
0.495000000 0.012500000 0.004133971
0.500000000 0.009500000 0.003500183
0.505000000 0.012000000 0.002954657
0.510000000 0.010000000 0.002486562
0.515000000 0.010000000 0.002086168
0.520000000 0.008000000 0.001744772
0.525000000 0.005000000 0.001454614
0.530000000 0.007000000 0.001208806
0.535000000 0.005500000 0.001001253
0.540000000 0.008000000 0.000826585
0.545000000 0.007000000 0.000680088
0.550000000 0.002500000 0.000557639
0.555000000 0.002500000 0.000455644
0.560000000 0.001500000 0.000370986
0.565000000 0.005500000 0.000300970
0.570000000 0.003500000 0.000243272
0.575000000 0.002000000 0.000195901
0.580000000 0.002000000 0.000157155
0.585000000 0.000500000 0.000125583
0.590000000 0.000500000 0.000099958
0.595000000 0.000500000 0.000079240
0.600000000 0.002000000 0.000062559
0.605000000 0.000000000 0.000049182
0.610000000 0.001000000 0.000038500
0.615000000 0.001500000 0.000030006
0.620000000 0.001500000 0.000023281
0.625000000 0.001000000 0.000017981
0.630000000 0.001000000 0.000013822
0.635000000 0.000000000 0.000010574
0.640000000 0.000500000 0.000008050
0.645000000 0.000500000 0.000006098
0.650000000 0.000500000 0.000004595
0.655000000 0.000500000 0.000003444
0.660000000 0.000500000 0.000002568
0.665000000 0.000000000 0.000001904
0.670000000 0.000000000 0.000001403
0.675000000 0.000000000 0.000001028
0.680000000 0.000000000 0.000000749
0.685000000 0.000000000 0.000000542
0.690000000 0.000000000 0.000000390
0.695000000 0.000000000 0.000000279
0.700000000 0.000000000 0.000000198
0.705000000 0.000000000 0.000000139
0.710000000 0.000000000 0.000000097
0.715000000 0.000000000 0.000000068
0.720000000 0.000000000 0.000000047
0.725000000 0.000000000 0.000000032
0.730000000 0.000000000 0.000000022
0.735000000 0.000000000 0.000000015
0.740000000 0.000000000 0.000000010
0.745000000 0.000000000 0.000000006
0.750000000 0.000000000 0.000000004
0.755000000 0.000000000 0.000000003
0.760000000 0.000000000 0.000000002
0.765000000 0.000000000 0.000000001
0.770000000 0.000000000 0.000000001
0.775000000 0.000000000 0.000000000
0.780000000 0.000000000 0.000000000
0.785000000 0.000000000 0.000000000
0.790000000 0.000000000 0.000000000
0.795000000 0.000000000 0.000000000
0.800000000 0.000000000 0.000000000
0.805000000 0.000000000 0.000000000
0.810000000 0.000000000 0.000000000
0.815000000 0.000000000 0.000000000
0.820000000 0.000000000 0.000000000
0.825000000 0.000000000 0.000000000
0.830000000 0.000000000 0.000000000
0.835000000 0.000000000 0.000000000
0.840000000 0.000000000 0.000000000
0.845000000 0.000000000 0.000000000
0.850000000 0.000000000 0.000000000
0.855000000 0.000000000 0.000000000
0.860000000 0.000000000 0.000000000
0.865000000 0.000000000 0.000000000
0.870000000 0.000000000 0.000000000
0.875000000 0.000000000 0.000000000
0.880000000 0.000000000 0.000000000
0.885000000 0.000000000 0.000000000
0.890000000 0.000000000 0.000000000
0.895000000 0.000000000 0.000000000
0.900000000 0.000000000 0.000000000
0.905000000 0.000000000 0.000000000
0.910000000 0.000000000 0.000000000
0.915000000 0.000000000 0.000000000
0.920000000 0.000000000 0.000000000
0.925000000 0.000000000 0.000000000
0.930000000 0.000000000 0.000000000
0.935000000 0.000000000 0.000000000
0.940000000 0.000000000 0.000000000
0.945000000 0.000000000 0.000000000
0.950000000 0.000000000 0.000000000
0.955000000 0.000000000 0.000000000
0.960000000 0.000000000 0.000000000
0.965000000 0.000000000 0.000000000
0.970000000 0.000000000 0.000000000
0.975000000 0.000000000 0.000000000
0.980000000 0.000000000 0.000000000
0.985000000 0.000000000 0.000000000
0.990000000 0.000000000 0.000000000
0.995000000 0.000000000 0.000000000
1.000000000 0.000000000 0.000000000

5 2
201
0.000000000 1.000000000 1.000000000
0.005000000 1.000000000 0.999999438
0.010000000 0.999500000 0.999983923
0.015000000 0.999000000 0.999890937
0.020000000 0.994500000 0.999589451
0.025000000 0.992500000 0.998880874
0.030000000 0.986000000 0.997512712
0.035000000 0.974500000 0.995198409
0.040000000 0.961500000 0.991638943
0.045000000 0.941500000 0.986543293
0.050000000 0.924000000 0.979646101
0.055000000 0.907500000 0.970721630
0.060000000 0.878000000 0.959593760
0.065000000 0.862000000 0.946142107
0.070000000 0.840500000 0.930304637
0.075000000 0.777500000 0.912077251
0.080000000 0.749500000 0.891510914
0.085000000 0.715500000 0.868706892
0.090000000 0.684000000 0.843810629
0.095000000 0.637500000 0.817004764
0.100000000 0.639500000 0.788501711
0.105000000 0.566500000 0.758536157
0.110000000 0.551000000 0.727357770
0.115000000 0.502000000 0.695224345
0.120000000 0.485500000 0.662395538
0.125000000 0.438000000 0.629127314
0.130000000 0.412000000 0.595667159
0.135000000 0.395500000 0.562250089
0.140000000 0.347500000 0.529095443
0.145000000 0.329000000 0.496404443
0.150000000 0.288000000 0.464358455
0.155000000 0.266500000 0.433117904
0.160000000 0.244000000 0.402821760
0.165000000 0.230000000 0.373587538
0.170000000 0.206500000 0.345511718
0.175000000 0.184000000 0.318670524
0.180000000 0.172000000 0.293120986
0.185000000 0.159000000 0.268902223
0.190000000 0.128500000 0.246036874
0.195000000 0.117000000 0.224532645
0.200000000 0.106000000 0.204383900
0.205000000 0.088000000 0.185573280
0.210000000 0.087500000 0.168073285
0.215000000 0.075000000 0.151847825
0.220000000 0.071500000 0.136853692
0.225000000 0.052500000 0.123041944
0.230000000 0.060500000 0.110359191
0.235000000 0.041000000 0.098748774
0.240000000 0.037500000 0.088151823
0.245000000 0.030500000 0.078508212
0.250000000 0.037000000 0.069757389
0.255000000 0.024500000 0.061839100
0.260000000 0.020500000 0.054694008
0.265000000 0.024000000 0.048264208
0.270000000 0.023500000 0.042493649
0.275000000 0.025000000 0.037328476
0.280000000 0.012000000 0.032717285
0.285000000 0.014000000 0.028611316
0.290000000 0.008000000 0.024964576
0.295000000 0.013500000 0.021733919
0.300000000 0.008500000 0.018879066
0.305000000 0.007500000 0.016362596
0.310000000 0.004000000 0.014149894
0.315000000 0.003500000 0.012209082
0.320000000 0.003000000 0.010510921
0.325000000 0.006000000 0.009028695
0.330000000 0.003500000 0.007738089
0.335000000 0.003000000 0.006617051
0.340000000 0.002000000 0.005645656
0.345000000 0.002500000 0.004805960
0.350000000 0.002000000 0.004081856
0.355000000 0.002000000 0.003458938
0.360000000 0.001000000 0.002924358
0.365000000 0.001500000 0.002466696
0.370000000 0.001000000 0.002075833
0.375000000 0.001500000 0.001742828
0.380000000 0.001000000 0.001459806
0.385000000 0.000000000 0.001219852
0.390000000 0.001000000 0.001016911
0.395000000 0.000000000 0.000845696
0.400000000 0.000500000 0.000701605
0.405000000 0.000000000 0.000580642
0.410000000 0.000000000 0.000479350
0.415000000 0.000500000 0.000394744
0.420000000 0.000000000 0.000324253
0.425000000 0.000000000 0.000265675
0.430000000 0.000000000 0.000217120
0.435000000 0.000000000 0.000176979
0.440000000 0.000000000 0.000143881
0.445000000 0.001000000 0.000116662
0.450000000 0.000000000 0.000094339
0.455000000 0.000000000 0.000076080
0.460000000 0.000000000 0.000061185
0.465000000 0.000500000 0.000049070
0.470000000 0.000000000 0.000039242
0.475000000 0.000000000 0.000031293
0.480000000 0.000000000 0.000024881
0.485000000 0.000000000 0.000019725
0.490000000 0.000000000 0.000015590
0.495000000 0.000000000 0.000012285
0.500000000 0.000000000 0.000009651
0.505000000 0.000000000 0.000007557
0.510000000 0.000000000 0.000005899
0.515000000 0.000000000 0.000004590
0.520000000 0.000000000 0.000003560
0.525000000 0.000000000 0.000002751
0.530000000 0.000000000 0.000002119
0.535000000 0.000000000 0.000001627
0.540000000 0.000000000 0.000001244
0.545000000 0.000000000 0.000000948
0.550000000 0.000000000 0.000000720
0.555000000 0.000000000 0.000000545
0.560000000 0.000000000 0.000000411
0.565000000 0.000000000 0.000000308
0.570000000 0.000000000 0.000000230
0.575000000 0.000000000 0.000000172
0.580000000 0.000000000 0.000000127
0.585000000 0.000000000 0.000000094
0.590000000 0.000000000 0.000000069
0.595000000 0.000000000 0.000000051
0.600000000 0.000000000 0.000000037
0.605000000 0.000000000 0.000000027
0.610000000 0.000000000 0.000000019
0.615000000 0.000000000 0.000000014
0.620000000 0.000000000 0.000000010
0.625000000 0.000000000 0.000000007
0.630000000 0.000000000 0.000000005
0.635000000 0.000000000 0.000000004
0.640000000 0.000000000 0.000000002
0.645000000 0.000000000 0.000000002
0.650000000 0.000000000 0.000000001
0.655000000 0.000000000 0.000000001
0.660000000 0.000000000 0.000000001
0.665000000 0.000000000 0.000000000
0.670000000 0.000000000 0.000000000
0.675000000 0.000000000 0.000000000
0.680000000 0.000000000 0.000000000
0.685000000 0.000000000 0.000000000
0.690000000 0.000000000 0.000000000
0.695000000 0.000000000 0.000000000
0.700000000 0.000000000 0.000000000
0.705000000 0.000000000 0.000000000
0.710000000 0.000000000 0.000000000
0.715000000 0.000000000 0.000000000
0.720000000 0.000000000 0.000000000
0.725000000 0.000000000 0.000000000
0.730000000 0.000000000 0.000000000
0.735000000 0.000000000 0.000000000
0.740000000 0.000000000 0.000000000
0.745000000 0.000000000 0.000000000
0.750000000 0.000000000 0.000000000
0.755000000 0.000000000 0.000000000
0.760000000 0.000000000 0.000000000
0.765000000 0.000000000 0.000000000
0.770000000 0.000000000 0.000000000
0.775000000 0.000000000 0.000000000
0.780000000 0.000000000 0.000000000
0.785000000 0.000000000 0.000000000
0.790000000 0.000000000 0.000000000
0.795000000 0.000000000 0.000000000
0.800000000 0.000000000 0.000000000
0.805000000 0.000000000 0.000000000
0.810000000 0.000000000 0.000000000
0.815000000 0.000000000 0.000000000
0.820000000 0.000000000 0.000000000
0.825000000 0.000000000 0.000000000
0.830000000 0.000000000 0.000000000
0.835000000 0.000000000 0.000000000
0.840000000 0.000000000 0.000000000
0.845000000 0.000000000 0.000000000
0.850000000 0.000000000 0.000000000
0.855000000 0.000000000 0.000000000
0.860000000 0.000000000 0.000000000
0.865000000 0.000000000 0.000000000
0.870000000 0.000000000 0.000000000
0.875000000 0.000000000 0.000000000
0.880000000 0.000000000 0.000000000
0.885000000 0.000000000 0.000000000
0.890000000 0.000000000 0.000000000
0.895000000 0.000000000 0.000000000
0.900000000 0.000000000 0.000000000
0.905000000 0.000000000 0.000000000
0.910000000 0.000000000 0.000000000
0.915000000 0.000000000 0.000000000
0.920000000 0.000000000 0.000000000
0.925000000 0.000000000 0.000000000
0.930000000 0.000000000 0.000000000
0.935000000 0.000000000 0.000000000
0.940000000 0.000000000 0.000000000
0.945000000 0.000000000 0.000000000
0.950000000 0.000000000 0.000000000
0.955000000 0.000000000 0.000000000
0.960000000 0.000000000 0.000000000
0.965000000 0.000000000 0.000000000
0.970000000 0.000000000 0.000000000
0.975000000 0.000000000 0.000000000
0.980000000 0.000000000 0.000000000
0.985000000 0.000000000 0.000000000
0.990000000 0.000000000 0.000000000
0.995000000 0.000000000 0.000000000
1.000000000 0.000000000 0.000000000

5 3
201
0.000000000 1.000000000 1.000000000
0.005000000 0.991500000 0.999443787
0.010000000 0.959500000 0.996006553
0.015000000 0.916000000 0.987899037
0.020000000 0.881000000 0.974234994
0.025000000 0.804500000 0.954776396
0.030000000 0.758500000 0.929734888
0.035000000 0.720000000 0.899618808
0.040000000 0.639000000 0.865116902
0.045000000 0.581000000 0.827011407
0.050000000 0.517500000 0.786114473
0.055000000 0.474000000 0.743222961
0.060000000 0.433500000 0.699087582
0.065000000 0.381500000 0.654393100
0.070000000 0.327500000 0.609746940
0.075000000 0.302500000 0.565674076
0.080000000 0.275500000 0.522616514
0.085000000 0.251000000 0.480936014
0.090000000 0.215000000 0.440919026
0.095000000 0.181000000 0.402783006
0.100000000 0.167500000 0.366683519
0.105000000 0.134500000 0.332721650
0.110000000 0.117500000 0.300951385
0.115000000 0.095500000 0.271386738
0.120000000 0.095500000 0.244008440
0.125000000 0.069000000 0.218770096
0.130000000 0.070500000 0.195603759
0.135000000 0.060000000 0.174424889
0.140000000 0.062000000 0.155136700
0.145000000 0.042000000 0.137633921
0.150000000 0.039500000 0.121806000
0.155000000 0.029000000 0.107539798
0.160000000 0.030000000 0.094721809
0.165000000 0.025000000 0.083239964
0.170000000 0.022500000 0.072985064
0.175000000 0.020000000 0.063851876
0.180000000 0.019000000 0.055739966
0.185000000 0.012000000 0.048554271
0.190000000 0.012000000 0.042205482
0.195000000 0.009000000 0.036610253
0.200000000 0.006000000 0.031691265
0.205000000 0.006500000 0.027377190
0.210000000 0.004000000 0.023602558
0.215000000 0.005000000 0.020307555
0.220000000 0.002500000 0.017437778
0.225000000 0.003000000 0.014943947
0.230000000 0.002500000 0.012781596
0.235000000 0.001000000 0.010910749
0.240000000 0.001000000 0.009295596
0.245000000 0.001500000 0.007904162
0.250000000 0.001500000 0.006707990
0.255000000 0.001000000 0.005681833
0.260000000 0.000000000 0.004803356
0.265000000 0.000500000 0.004052862
0.270000000 0.000000000 0.003413022
0.275000000 0.000000000 0.002868640
0.280000000 0.000500000 0.002406418
0.285000000 0.000000000 0.002014756
0.290000000 0.000500000 0.001683558
0.295000000 0.000500000 0.001404058
0.300000000 0.000000000 0.001168665
0.305000000 0.000000000 0.000970821
0.310000000 0.000000000 0.000804876
0.315000000 0.000000000 0.000665969
0.320000000 0.000000000 0.000549933
0.325000000 0.000000000 0.000453201
0.330000000 0.000000000 0.000372727
0.335000000 0.000000000 0.000305917
0.340000000 0.000000000 0.000250567
0.345000000 0.000000000 0.000204806
0.350000000 0.000500000 0.000167053
0.355000000 0.000000000 0.000135971
0.360000000 0.000000000 0.000110438
0.365000000 0.000000000 0.000089506
0.370000000 0.000000000 0.000072385
0.375000000 0.000000000 0.000058410
0.380000000 0.000000000 0.000047029
0.385000000 0.000000000 0.000037781
0.390000000 0.000000000 0.000030283
0.395000000 0.000000000 0.000024217
0.400000000 0.000000000 0.000019322
0.405000000 0.000000000 0.000015380
0.410000000 0.000000000 0.000012213
0.415000000 0.000000000 0.000009675
0.420000000 0.000000000 0.000007646
0.425000000 0.000000000 0.000006027
0.430000000 0.000000000 0.000004739
0.435000000 0.000000000 0.000003717
0.440000000 0.000000000 0.000002908
0.445000000 0.000000000 0.000002269
0.450000000 0.000000000 0.000001766
0.455000000 0.000000000 0.000001371
0.460000000 0.000000000 0.000001061
0.465000000 0.000000000 0.000000819
0.470000000 0.000000000 0.000000630
0.475000000 0.000000000 0.000000484
0.480000000 0.000000000 0.000000370
0.485000000 0.000000000 0.000000282
0.490000000 0.000000000 0.000000215
0.495000000 0.000000000 0.000000163
0.500000000 0.000000000 0.000000123
0.505000000 0.000000000 0.000000093
0.510000000 0.000000000 0.000000070
0.515000000 0.000000000 0.000000052
0.520000000 0.000000000 0.000000039
0.525000000 0.000000000 0.000000029
0.530000000 0.000000000 0.000000021
0.535000000 0.000000000 0.000000016
0.540000000 0.000000000 0.000000012
0.545000000 0.000000000 0.000000009
0.550000000 0.000000000 0.000000006
0.555000000 0.000000000 0.000000005
0.560000000 0.000000000 0.000000003
0.565000000 0.000000000 0.000000002
0.570000000 0.000000000 0.000000002
0.575000000 0.000000000 0.000000001
0.580000000 0.000000000 0.000000001
0.585000000 0.000000000 0.000000001
0.590000000 0.000000000 0.000000000
0.595000000 0.000000000 0.000000000
0.600000000 0.000000000 0.000000000
0.605000000 0.000000000 0.000000000
0.610000000 0.000000000 0.000000000
0.615000000 0.000000000 0.000000000
0.620000000 0.000000000 0.000000000
0.625000000 0.000000000 0.000000000
0.630000000 0.000000000 0.000000000
0.635000000 0.000000000 0.000000000
0.640000000 0.000000000 0.000000000
0.645000000 0.000000000 0.000000000
0.650000000 0.000000000 0.000000000
0.655000000 0.000000000 0.000000000
0.660000000 0.000000000 0.000000000
0.665000000 0.000000000 0.000000000
0.670000000 0.000000000 0.000000000
0.675000000 0.000000000 0.000000000
0.680000000 0.000000000 0.000000000
0.685000000 0.000000000 0.000000000
0.690000000 0.000000000 0.000000000
0.695000000 0.000000000 0.000000000
0.700000000 0.000000000 0.000000000
0.705000000 0.000000000 0.000000000
0.710000000 0.000000000 0.000000000
0.715000000 0.000000000 0.000000000
0.720000000 0.000000000 0.000000000
0.725000000 0.000000000 0.000000000
0.730000000 0.000000000 0.000000000
0.735000000 0.000000000 0.000000000
0.740000000 0.000000000 0.000000000
0.745000000 0.000000000 0.000000000
0.750000000 0.000000000 0.000000000
0.755000000 0.000000000 0.000000000
0.760000000 0.000000000 0.000000000
0.765000000 0.000000000 0.000000000
0.770000000 0.000000000 0.000000000
0.775000000 0.000000000 0.000000000
0.780000000 0.000000000 0.000000000
0.785000000 0.000000000 0.000000000
0.790000000 0.000000000 0.000000000
0.795000000 0.000000000 0.000000000
0.800000000 0.000000000 0.000000000
0.805000000 0.000000000 0.000000000
0.810000000 0.000000000 0.000000000
0.815000000 0.000000000 0.000000000
0.820000000 0.000000000 0.000000000
0.825000000 0.000000000 0.000000000
0.830000000 0.000000000 0.000000000
0.835000000 0.000000000 0.000000000
0.840000000 0.000000000 0.000000000
0.845000000 0.000000000 0.000000000
0.850000000 0.000000000 0.000000000
0.855000000 0.000000000 0.000000000
0.860000000 0.000000000 0.000000000
0.865000000 0.000000000 0.000000000
0.870000000 0.000000000 0.000000000
0.875000000 0.000000000 0.000000000
0.880000000 0.000000000 0.000000000
0.885000000 0.000000000 0.000000000
0.890000000 0.000000000 0.000000000
0.895000000 0.000000000 0.000000000
0.900000000 0.000000000 0.000000000
0.905000000 0.000000000 0.000000000
0.910000000 0.000000000 0.000000000
0.915000000 0.000000000 0.000000000
0.920000000 0.000000000 0.000000000
0.925000000 0.000000000 0.000000000
0.930000000 0.000000000 0.000000000
0.935000000 0.000000000 0.000000000
0.940000000 0.000000000 0.000000000
0.945000000 0.000000000 0.000000000
0.950000000 0.000000000 0.000000000
0.955000000 0.000000000 0.000000000
0.960000000 0.000000000 0.000000000
0.965000000 0.000000000 0.000000000
0.970000000 0.000000000 0.000000000
0.975000000 0.000000000 0.000000000
0.980000000 0.000000000 0.000000000
0.985000000 0.000000000 0.000000000
0.990000000 0.000000000 0.000000000
0.995000000 0.000000000 0.000000000
1.000000000 0.000000000 0.000000000

5 4
201
0.000000000 1.000000000 1.000000000
0.005000000 0.849000000 0.988775023
0.010000000 0.729000000 0.959317414
0.015000000 0.606000000 0.916981914
0.020000000 0.503500000 0.866010905
0.025000000 0.442000000 0.809732264
0.030000000 0.379000000 0.750725333
0.035000000 0.313500000 0.690959787
0.040000000 0.276000000 0.631911476
0.045000000 0.221000000 0.574658767
0.050000000 0.205000000 0.519962406
0.055000000 0.160500000 0.468331461
0.060000000 0.139500000 0.420077572
0.065000000 0.108500000 0.375359363
0.070000000 0.093000000 0.334218640
0.075000000 0.089500000 0.296609710
0.080000000 0.071500000 0.262422997
0.085000000 0.054000000 0.231503910
0.090000000 0.059000000 0.203667800
0.095000000 0.045000000 0.178711690
0.100000000 0.031000000 0.156423374
0.105000000 0.024500000 0.136588350
0.110000000 0.022500000 0.118995023
0.115000000 0.022000000 0.103438490
0.120000000 0.017500000 0.089723217
0.125000000 0.010500000 0.077664806
0.130000000 0.012000000 0.067091085
0.135000000 0.006000000 0.057842638
0.140000000 0.005500000 0.049772934
0.145000000 0.007000000 0.042748143
0.150000000 0.006000000 0.036646723
0.155000000 0.004000000 0.031358855
0.160000000 0.002500000 0.026785770
0.165000000 0.001000000 0.022839006
0.170000000 0.002500000 0.019439648
0.175000000 0.002000000 0.016517546
0.180000000 0.003000000 0.014010554
0.185000000 0.001500000 0.011863791
0.190000000 0.001000000 0.010028935
0.195000000 0.000500000 0.008463564
0.200000000 0.001000000 0.007130535
0.205000000 0.000500000 0.005997409
0.210000000 0.000500000 0.005035931
0.215000000 0.001000000 0.004221546
0.220000000 0.000000000 0.003532966
0.225000000 0.000000000 0.002951776
0.230000000 0.000000000 0.002462085
0.235000000 0.000000000 0.002050204
0.240000000 0.000000000 0.001704370
0.245000000 0.000000000 0.001414495
0.250000000 0.000000000 0.001171945
0.255000000 0.000000000 0.000969345
0.260000000 0.000000000 0.000800408
0.265000000 0.000000000 0.000659786
0.270000000 0.000000000 0.000542936
0.275000000 0.000000000 0.000446009
0.280000000 0.000000000 0.000365749
0.285000000 0.000000000 0.000299407
0.290000000 0.000000000 0.000244666
0.295000000 0.000000000 0.000199579
0.300000000 0.000000000 0.000162509
0.305000000 0.000000000 0.000132085
0.310000000 0.000000000 0.000107161
0.315000000 0.000000000 0.000086780
0.320000000 0.000000000 0.000070145
0.325000000 0.000000000 0.000056593
0.330000000 0.000000000 0.000045572
0.335000000 0.000000000 0.000036627
0.340000000 0.000000000 0.000029381
0.345000000 0.000000000 0.000023522
0.350000000 0.000000000 0.000018795
0.355000000 0.000000000 0.000014987
0.360000000 0.000000000 0.000011926
0.365000000 0.000000000 0.000009472
0.370000000 0.000000000 0.000007506
0.375000000 0.000000000 0.000005936
0.380000000 0.000000000 0.000004685
0.385000000 0.000000000 0.000003689
0.390000000 0.000000000 0.000002898
0.395000000 0.000000000 0.000002272
0.400000000 0.000000000 0.000001777
0.405000000 0.000000000 0.000001387
0.410000000 0.000000000 0.000001080
0.415000000 0.000000000 0.000000839
0.420000000 0.000000000 0.000000650
0.425000000 0.000000000 0.000000503
0.430000000 0.000000000 0.000000388
0.435000000 0.000000000 0.000000298
0.440000000 0.000000000 0.000000229
0.445000000 0.000000000 0.000000175
0.450000000 0.000000000 0.000000134
0.455000000 0.000000000 0.000000102
0.460000000 0.000000000 0.000000077
0.465000000 0.000000000 0.000000058
0.470000000 0.000000000 0.000000044
0.475000000 0.000000000 0.000000033
0.480000000 0.000000000 0.000000025
0.485000000 0.000000000 0.000000019
0.490000000 0.000000000 0.000000014
0.495000000 0.000000000 0.000000010
0.500000000 0.000000000 0.000000008
0.505000000 0.000000000 0.000000006
0.510000000 0.000000000 0.000000004
0.515000000 0.000000000 0.000000003
0.520000000 0.000000000 0.000000002
0.525000000 0.000000000 0.000000002
0.530000000 0.000000000 0.000000001
0.535000000 0.000000000 0.000000001
0.540000000 0.000000000 0.000000001
0.545000000 0.000000000 0.000000000
0.550000000 0.000000000 0.000000000
0.555000000 0.000000000 0.000000000
0.560000000 0.000000000 0.000000000
0.565000000 0.000000000 0.000000000
0.570000000 0.000000000 0.000000000
0.575000000 0.000000000 0.000000000
0.580000000 0.000000000 0.000000000
0.585000000 0.000000000 0.000000000
0.590000000 0.000000000 0.000000000
0.595000000 0.000000000 0.000000000
0.600000000 0.000000000 0.000000000
0.605000000 0.000000000 0.000000000
0.610000000 0.000000000 0.000000000
0.615000000 0.000000000 0.000000000
0.620000000 0.000000000 0.000000000
0.625000000 0.000000000 0.000000000
0.630000000 0.000000000 0.000000000
0.635000000 0.000000000 0.000000000
0.640000000 0.000000000 0.000000000
0.645000000 0.000000000 0.000000000
0.650000000 0.000000000 0.000000000
0.655000000 0.000000000 0.000000000
0.660000000 0.000000000 0.000000000
0.665000000 0.000000000 0.000000000
0.670000000 0.000000000 0.000000000
0.675000000 0.000000000 0.000000000
0.680000000 0.000000000 0.000000000
0.685000000 0.000000000 0.000000000
0.690000000 0.000000000 0.000000000
0.695000000 0.000000000 0.000000000
0.700000000 0.000000000 0.000000000
0.705000000 0.000000000 0.000000000
0.710000000 0.000000000 0.000000000
0.715000000 0.000000000 0.000000000
0.720000000 0.000000000 0.000000000
0.725000000 0.000000000 0.000000000
0.730000000 0.000000000 0.000000000
0.735000000 0.000000000 0.000000000
0.740000000 0.000000000 0.000000000
0.745000000 0.000000000 0.000000000
0.750000000 0.000000000 0.000000000
0.755000000 0.000000000 0.000000000
0.760000000 0.000000000 0.000000000
0.765000000 0.000000000 0.000000000
0.770000000 0.000000000 0.000000000
0.775000000 0.000000000 0.000000000
0.780000000 0.000000000 0.000000000
0.785000000 0.000000000 0.000000000
0.790000000 0.000000000 0.000000000
0.795000000 0.000000000 0.000000000
0.800000000 0.000000000 0.000000000
0.805000000 0.000000000 0.000000000
0.810000000 0.000000000 0.000000000
0.815000000 0.000000000 0.000000000
0.820000000 0.000000000 0.000000000
0.825000000 0.000000000 0.000000000
0.830000000 0.000000000 0.000000000
0.835000000 0.000000000 0.000000000
0.840000000 0.000000000 0.000000000
0.845000000 0.000000000 0.000000000
0.850000000 0.000000000 0.000000000
0.855000000 0.000000000 0.000000000
0.860000000 0.000000000 0.000000000
0.865000000 0.000000000 0.000000000
0.870000000 0.000000000 0.000000000
0.875000000 0.000000000 0.000000000
0.880000000 0.000000000 0.000000000
0.885000000 0.000000000 0.000000000
0.890000000 0.000000000 0.000000000
0.895000000 0.000000000 0.000000000
0.900000000 0.000000000 0.000000000
0.905000000 0.000000000 0.000000000
0.910000000 0.000000000 0.000000000
0.915000000 0.000000000 0.000000000
0.920000000 0.000000000 0.000000000
0.925000000 0.000000000 0.000000000
0.930000000 0.000000000 0.000000000
0.935000000 0.000000000 0.000000000
0.940000000 0.000000000 0.000000000
0.945000000 0.000000000 0.000000000
0.950000000 0.000000000 0.000000000
0.955000000 0.000000000 0.000000000
0.960000000 0.000000000 0.000000000
0.965000000 0.000000000 0.000000000
0.970000000 0.000000000 0.000000000
0.975000000 0.000000000 0.000000000
0.980000000 0.000000000 0.000000000
0.985000000 0.000000000 0.000000000
0.990000000 0.000000000 0.000000000
0.995000000 0.000000000 0.000000000
1.000000000 0.000000000 0.000000000

5 5
201
0.000000000 1.000000000 1.000000000
0.005000000 0.835500000 0.851801860
0.010000000 0.720500000 0.724980336
0.015000000 0.633000000 0.616537328
0.020000000 0.515500000 0.523883140
0.025000000 0.459000000 0.444782511
0.030000000 0.384000000 0.377307551
0.035000000 0.308000000 0.319796736
0.040000000 0.268000000 0.270819204
0.045000000 0.223500000 0.229143684
0.050000000 0.207500000 0.193711484
0.055000000 0.159000000 0.163613024
0.060000000 0.140000000 0.138067454
0.065000000 0.108000000 0.116404977
0.070000000 0.091500000 0.098051525
0.075000000 0.082500000 0.082515483
0.080000000 0.066500000 0.069376195
0.085000000 0.057500000 0.058274024
0.090000000 0.051500000 0.048901767
0.095000000 0.039000000 0.040997232
0.100000000 0.032000000 0.034336838
0.105000000 0.029500000 0.028730100
0.110000000 0.031000000 0.024014868
0.115000000 0.021500000 0.020053245
0.120000000 0.021500000 0.016728057
0.125000000 0.019000000 0.013939837
0.130000000 0.009000000 0.011604223
0.135000000 0.008000000 0.009649736
0.140000000 0.006000000 0.008015866
0.145000000 0.010500000 0.006651440
0.150000000 0.003000000 0.005513224
0.155000000 0.004500000 0.004564726
0.160000000 0.004500000 0.003775176
0.165000000 0.002000000 0.003118654
0.170000000 0.001000000 0.002573351
0.175000000 0.002000000 0.002120930
0.180000000 0.001500000 0.001745996
0.185000000 0.001000000 0.001435633
0.190000000 0.002000000 0.001179018
0.195000000 0.000500000 0.000967093
0.200000000 0.001500000 0.000792282
0.205000000 0.001000000 0.000648258
0.210000000 0.000500000 0.000529745
0.215000000 0.000000000 0.000432344
0.220000000 0.001500000 0.000352393
0.225000000 0.000000000 0.000286850
0.230000000 0.000000000 0.000233186
0.235000000 0.000500000 0.000189307
0.240000000 0.000500000 0.000153474
0.245000000 0.000000000 0.000124252
0.250000000 0.000000000 0.000100452
0.255000000 0.000000000 0.000081096
0.260000000 0.000000000 0.000065376
0.265000000 0.000000000 0.000052625
0.270000000 0.000000000 0.000042299
0.275000000 0.000000000 0.000033948
0.280000000 0.000000000 0.000027204
0.285000000 0.000000000 0.000021767
0.290000000 0.000000000 0.000017389
0.295000000 0.000000000 0.000013869
0.300000000 0.000000000 0.000011044
0.305000000 0.000000000 0.000008780
0.310000000 0.000000000 0.000006969
0.315000000 0.000000000 0.000005522
0.320000000 0.000000000 0.000004368
0.325000000 0.000000000 0.000003449
0.330000000 0.000000000 0.000002719
0.335000000 0.000000000 0.000002139
0.340000000 0.000000000 0.000001680
0.345000000 0.000000000 0.000001317
0.350000000 0.000000000 0.000001031
0.355000000 0.000000000 0.000000805
0.360000000 0.000000000 0.000000628
0.365000000 0.000000000 0.000000488
0.370000000 0.000000000 0.000000379
0.375000000 0.000000000 0.000000294
0.380000000 0.000000000 0.000000227
0.385000000 0.000000000 0.000000175
0.390000000 0.000000000 0.000000135
0.395000000 0.000000000 0.000000104
0.400000000 0.000000000 0.000000080
0.405000000 0.000000000 0.000000061
0.410000000 0.000000000 0.000000046
0.415000000 0.000000000 0.000000035
0.420000000 0.000000000 0.000000027
0.425000000 0.000000000 0.000000020
0.430000000 0.000000000 0.000000015
0.435000000 0.000000000 0.000000012
0.440000000 0.000000000 0.000000009
0.445000000 0.000000000 0.000000007
0.450000000 0.000000000 0.000000005
0.455000000 0.000000000 0.000000004
0.460000000 0.000000000 0.000000003
0.465000000 0.000000000 0.000000002
0.470000000 0.000000000 0.000000002
0.475000000 0.000000000 0.000000001
0.480000000 0.000000000 0.000000001
0.485000000 0.000000000 0.000000001
0.490000000 0.000000000 0.000000000
0.495000000 0.000000000 0.000000000
0.500000000 0.000000000 0.000000000
0.505000000 0.000000000 0.000000000
0.510000000 0.000000000 0.000000000
0.515000000 0.000000000 0.000000000
0.520000000 0.000000000 0.000000000
0.525000000 0.000000000 0.000000000
0.530000000 0.000000000 0.000000000
0.535000000 0.000000000 0.000000000
0.540000000 0.000000000 0.000000000
0.545000000 0.000000000 0.000000000
0.550000000 0.000000000 0.000000000
0.555000000 0.000000000 0.000000000
0.560000000 0.000000000 0.000000000
0.565000000 0.000000000 0.000000000
0.570000000 0.000000000 0.000000000
0.575000000 0.000000000 0.000000000
0.580000000 0.000000000 0.000000000
0.585000000 0.000000000 0.000000000
0.590000000 0.000000000 0.000000000
0.595000000 0.000000000 0.000000000
0.600000000 0.000000000 0.000000000
0.605000000 0.000000000 0.000000000
0.610000000 0.000000000 0.000000000
0.615000000 0.000000000 0.000000000
0.620000000 0.000000000 0.000000000
0.625000000 0.000000000 0.000000000
0.630000000 0.000000000 0.000000000
0.635000000 0.000000000 0.000000000
0.640000000 0.000000000 0.000000000
0.645000000 0.000000000 0.000000000
0.650000000 0.000000000 0.000000000
0.655000000 0.000000000 0.000000000
0.660000000 0.000000000 0.000000000
0.665000000 0.000000000 0.000000000
0.670000000 0.000000000 0.000000000
0.675000000 0.000000000 0.000000000
0.680000000 0.000000000 0.000000000
0.685000000 0.000000000 0.000000000
0.690000000 0.000000000 0.000000000
0.695000000 0.000000000 0.000000000
0.700000000 0.000000000 0.000000000
0.705000000 0.000000000 0.000000000
0.710000000 0.000000000 0.000000000
0.715000000 0.000000000 0.000000000
0.720000000 0.000000000 0.000000000
0.725000000 0.000000000 0.000000000
0.730000000 0.000000000 0.000000000
0.735000000 0.000000000 0.000000000
0.740000000 0.000000000 0.000000000
0.745000000 0.000000000 0.000000000
0.750000000 0.000000000 0.000000000
0.755000000 0.000000000 0.000000000
0.760000000 0.000000000 0.000000000
0.765000000 0.000000000 0.000000000
0.770000000 0.000000000 0.000000000
0.775000000 0.000000000 0.000000000
0.780000000 0.000000000 0.000000000
0.785000000 0.000000000 0.000000000
0.790000000 0.000000000 0.000000000
0.795000000 0.000000000 0.000000000
0.800000000 0.000000000 0.000000000
0.805000000 0.000000000 0.000000000
0.810000000 0.000000000 0.000000000
0.815000000 0.000000000 0.000000000
0.820000000 0.000000000 0.000000000
0.825000000 0.000000000 0.000000000
0.830000000 0.000000000 0.000000000
0.835000000 0.000000000 0.000000000
0.840000000 0.000000000 0.000000000
0.845000000 0.000000000 0.000000000
0.850000000 0.000000000 0.000000000
0.855000000 0.000000000 0.000000000
0.860000000 0.000000000 0.000000000
0.865000000 0.000000000 0.000000000
0.870000000 0.000000000 0.000000000
0.875000000 0.000000000 0.000000000
0.880000000 0.000000000 0.000000000
0.885000000 0.000000000 0.000000000
0.890000000 0.000000000 0.000000000
0.895000000 0.000000000 0.000000000
0.900000000 0.000000000 0.000000000
0.905000000 0.000000000 0.000000000
0.910000000 0.000000000 0.000000000
0.915000000 0.000000000 0.000000000
0.920000000 0.000000000 0.000000000
0.925000000 0.000000000 0.000000000
0.930000000 0.000000000 0.000000000
0.935000000 0.000000000 0.000000000
0.940000000 0.000000000 0.000000000
0.945000000 0.000000000 0.000000000
0.950000000 0.000000000 0.000000000
0.955000000 0.000000000 0.000000000
0.960000000 0.000000000 0.000000000
0.965000000 0.000000000 0.000000000
0.970000000 0.000000000 0.000000000
0.975000000 0.000000000 0.000000000
0.980000000 0.000000000 0.000000000
0.985000000 0.000000000 0.000000000
0.990000000 0.000000000 0.000000000
0.995000000 0.000000000 0.000000000
1.000000000 0.000000000 0.000000000

