1
1 0
201
0.000000000 1.000000000 1.000000000
0.005000000 1.000000000 0.999975000
0.010000000 1.000000000 0.999900000
0.015000000 0.998500000 0.999775000
0.020000000 0.999000000 0.999600000
0.025000000 0.999500000 0.999375000
0.030000000 0.999500000 0.999100000
0.035000000 0.998000000 0.998775000
0.040000000 0.998500000 0.998400000
0.045000000 0.996500000 0.997975000
0.050000000 0.997500000 0.997500000
0.055000000 0.997500000 0.996975000
0.060000000 0.997000000 0.996400000
0.065000000 0.994500000 0.995775000
0.070000000 0.994000000 0.995100000
0.075000000 0.996500000 0.994375000
0.080000000 0.996000000 0.993600000
0.085000000 0.993500000 0.992775000
0.090000000 0.991500000 0.991900000
0.095000000 0.990500000 0.990975000
0.100000000 0.985500000 0.990000000
0.105000000 0.990000000 0.988975000
0.110000000 0.987500000 0.987900000
0.115000000 0.984500000 0.986775000
0.120000000 0.984000000 0.985600000
0.125000000 0.986000000 0.984375000
0.130000000 0.986000000 0.983100000
0.135000000 0.986000000 0.981775000
0.140000000 0.983000000 0.980400000
0.145000000 0.975500000 0.978975000
0.150000000 0.971500000 0.977500000
0.155000000 0.979500000 0.975975000
0.160000000 0.973000000 0.974400000
0.165000000 0.974500000 0.972775000
0.170000000 0.967000000 0.971100000
0.175000000 0.965000000 0.969375000
0.180000000 0.971500000 0.967600000
0.185000000 0.959500000 0.965775000
0.190000000 0.961500000 0.963900000
0.195000000 0.955000000 0.961975000
0.200000000 0.957500000 0.960000000
0.205000000 0.960500000 0.957975000
0.210000000 0.952500000 0.955900000
0.215000000 0.962500000 0.953775000
0.220000000 0.955000000 0.951600000
0.225000000 0.952500000 0.949375000
0.230000000 0.947500000 0.947100000
0.235000000 0.943000000 0.944775000
0.240000000 0.940500000 0.942400000
0.245000000 0.940000000 0.939975000
0.250000000 0.933000000 0.937500000
0.255000000 0.936500000 0.934975000
0.260000000 0.938500000 0.932400000
0.265000000 0.929500000 0.929775000
0.270000000 0.923000000 0.927100000
0.275000000 0.922000000 0.924375000
0.280000000 0.914000000 0.921600000
0.285000000 0.905500000 0.918775000
0.290000000 0.912000000 0.915900000
0.295000000 0.909500000 0.912975000
0.300000000 0.907000000 0.910000000
0.305000000 0.905500000 0.906975000
0.310000000 0.897000000 0.903900000
0.315000000 0.903000000 0.900775000
0.320000000 0.895500000 0.897600000
0.325000000 0.895000000 0.894375000
0.330000000 0.882500000 0.891100000
0.335000000 0.893500000 0.887775000
0.340000000 0.892000000 0.884400000
0.345000000 0.876000000 0.880975000
0.350000000 0.868500000 0.877500000
0.355000000 0.860000000 0.873975000
0.360000000 0.874500000 0.870400000
0.365000000 0.849000000 0.866775000
0.370000000 0.869000000 0.863100000
0.375000000 0.860500000 0.859375000
0.380000000 0.854000000 0.855600000
0.385000000 0.851000000 0.851775000
0.390000000 0.846500000 0.847900000
0.395000000 0.851000000 0.843975000
0.400000000 0.845000000 0.840000000
0.405000000 0.841500000 0.835975000
0.410000000 0.841500000 0.831900000
0.415000000 0.844500000 0.827775000
0.420000000 0.836500000 0.823600000
0.425000000 0.815000000 0.819375000
0.430000000 0.814000000 0.815100000
0.435000000 0.813000000 0.810775000
0.440000000 0.810000000 0.806400000
0.445000000 0.812500000 0.801975000
0.450000000 0.809500000 0.797500000
0.455000000 0.798500000 0.792975000
0.460000000 0.792500000 0.788400000
0.465000000 0.782500000 0.783775000
0.470000000 0.778000000 0.779100000
0.475000000 0.777500000 0.774375000
0.480000000 0.770500000 0.769600000
0.485000000 0.766000000 0.764775000
0.490000000 0.766500000 0.759900000
0.495000000 0.770500000 0.754975000
0.500000000 0.767500000 0.750000000
0.505000000 0.755000000 0.744975000
0.510000000 0.731500000 0.739900000
0.515000000 0.725500000 0.734775000
0.520000000 0.723500000 0.729600000
0.525000000 0.724000000 0.724375000
0.530000000 0.699000000 0.719100000
0.535000000 0.705000000 0.713775000
0.540000000 0.697500000 0.708400000
0.545000000 0.710500000 0.702975000
0.550000000 0.688000000 0.697500000
0.555000000 0.708000000 0.691975000
0.560000000 0.688000000 0.686400000
0.565000000 0.665500000 0.680775000
0.570000000 0.677500000 0.675100000
0.575000000 0.680500000 0.669375000
0.580000000 0.671000000 0.663600000
0.585000000 0.661500000 0.657775000
0.590000000 0.651000000 0.651900000
0.595000000 0.662500000 0.645975000
0.600000000 0.617500000 0.640000000
0.605000000 0.624500000 0.633975000
0.610000000 0.641500000 0.627900000
0.615000000 0.615000000 0.621775000
0.620000000 0.615000000 0.615600000
0.625000000 0.596000000 0.609375000
0.630000000 0.605000000 0.603100000
0.635000000 0.590500000 0.596775000
0.640000000 0.596000000 0.590400000
0.645000000 0.593500000 0.583975000
0.650000000 0.589000000 0.577500000
0.655000000 0.565000000 0.570975000
0.660000000 0.569000000 0.564400000
0.665000000 0.552500000 0.557775000
0.670000000 0.543500000 0.551100000
0.675000000 0.557500000 0.544375000
0.680000000 0.541000000 0.537600000
0.685000000 0.549500000 0.530775000
0.690000000 0.529000000 0.523900000
0.695000000 0.521500000 0.516975000
0.700000000 0.515000000 0.510000000
0.705000000 0.517500000 0.502975000
0.710000000 0.496000000 0.495900000
0.715000000 0.504000000 0.488775000
0.720000000 0.477000000 0.481600000
0.725000000 0.490500000 0.474375000
0.730000000 0.471500000 0.467100000
0.735000000 0.442500000 0.459775000
0.740000000 0.448500000 0.452400000
0.745000000 0.459500000 0.444975000
0.750000000 0.451500000 0.437500000
0.755000000 0.428000000 0.429975000
0.760000000 0.424500000 0.422400000
0.765000000 0.404000000 0.414775000
0.770000000 0.413500000 0.407100000
0.775000000 0.381500000 0.399375000
0.780000000 0.388000000 0.391600000
0.785000000 0.385500000 0.383775000
0.790000000 0.375500000 0.375900000
0.795000000 0.370000000 0.367975000
0.800000000 0.365000000 0.360000000
0.805000000 0.341500000 0.351975000
0.810000000 0.356500000 0.343900000
0.815000000 0.320500000 0.335775000
0.820000000 0.340500000 0.327600000
0.825000000 0.322500000 0.319375000
0.830000000 0.308000000 0.311100000
0.835000000 0.312500000 0.302775000
0.840000000 0.287000000 0.294400000
0.845000000 0.294500000 0.285975000
0.850000000 0.284500000 0.277500000
0.855000000 0.274000000 0.268975000
0.860000000 0.253000000 0.260400000
0.865000000 0.254500000 0.251775000
0.870000000 0.254000000 0.243100000
0.875000000 0.221000000 0.234375000
0.880000000 0.237000000 0.225600000
0.885000000 0.216000000 0.216775000
0.890000000 0.214500000 0.207900000
0.895000000 0.195500000 0.198975000
0.900000000 0.204500000 0.190000000
0.905000000 0.181000000 0.180975000
0.910000000 0.172000000 0.171900000
0.915000000 0.155000000 0.162775000
0.920000000 0.150000000 0.153600000
0.925000000 0.138500000 0.144375000
0.930000000 0.148500000 0.135100000
0.935000000 0.130000000 0.125775000
0.940000000 0.113500000 0.116400000
0.945000000 0.110000000 0.106975000
0.950000000 0.097500000 0.097500000
0.955000000 0.086500000 0.087975000
0.960000000 0.079000000 0.078400000
0.965000000 0.066000000 0.068775000
0.970000000 0.063500000 0.059100000
0.975000000 0.052000000 0.049375000
0.980000000 0.045000000 0.039600000
0.985000000 0.024500000 0.029775000
0.990000000 0.020000000 0.019900000
0.995000000 0.011000000 0.009975000
1.000000000 0.000000000 0.000000000

1 1
201
0.000000000 1.000000000 1.000000000
0.005000000 0.990000000 0.990025000
0.010000000 0.983000000 0.980100000
0.015000000 0.973500000 0.970225000
0.020000000 0.958500000 0.960400000
0.025000000 0.949500000 0.950625000
0.030000000 0.946000000 0.940900000
0.035000000 0.929000000 0.931225000
0.040000000 0.926500000 0.921600000
0.045000000 0.913000000 0.912025000
0.050000000 0.902000000 0.902500000
0.055000000 0.889000000 0.893025000
0.060000000 0.890000000 0.883600000
0.065000000 0.863500000 0.874225000
0.070000000 0.873500000 0.864900000
0.075000000 0.857500000 0.855625000
0.080000000 0.857500000 0.846400000
0.085000000 0.832500000 0.837225000
0.090000000 0.811500000 0.828100000
0.095000000 0.801500000 0.819025000
0.100000000 0.806000000 0.810000000
0.105000000 0.792000000 0.801025000
0.110000000 0.786500000 0.792100000
0.115000000 0.788000000 0.783225000
0.120000000 0.765000000 0.774400000
0.125000000 0.757000000 0.765625000
0.130000000 0.772500000 0.756900000
0.135000000 0.741500000 0.748225000
0.140000000 0.722000000 0.739600000
0.145000000 0.725500000 0.731025000
0.150000000 0.717000000 0.722500000
0.155000000 0.706000000 0.714025000
0.160000000 0.697000000 0.705600000
0.165000000 0.693500000 0.697225000
0.170000000 0.683000000 0.688900000
0.175000000 0.679500000 0.680625000
0.180000000 0.680000000 0.672400000
0.185000000 0.673500000 0.664225000
0.190000000 0.648500000 0.656100000
0.195000000 0.647000000 0.648025000
0.200000000 0.620000000 0.640000000
0.205000000 0.638500000 0.632025000
0.210000000 0.600500000 0.624100000
0.215000000 0.629500000 0.616225000
0.220000000 0.621000000 0.608400000
0.225000000 0.601500000 0.600625000
0.230000000 0.595500000 0.592900000
0.235000000 0.569000000 0.585225000
0.240000000 0.588000000 0.577600000
0.245000000 0.580500000 0.570025000
0.250000000 0.550500000 0.562500000
0.255000000 0.555500000 0.555025000
0.260000000 0.550000000 0.547600000
0.265000000 0.536500000 0.540225000
0.270000000 0.534500000 0.532900000
0.275000000 0.533500000 0.525625000
0.280000000 0.519500000 0.518400000
0.285000000 0.497500000 0.511225000
0.290000000 0.504000000 0.504100000
0.295000000 0.517500000 0.497025000
0.300000000 0.479000000 0.490000000
0.305000000 0.506000000 0.483025000
0.310000000 0.463500000 0.476100000
0.315000000 0.470500000 0.469225000
0.320000000 0.453000000 0.462400000
0.325000000 0.451000000 0.455625000
0.330000000 0.448500000 0.448900000
0.335000000 0.440000000 0.442225000
0.340000000 0.428000000 0.435600000
0.345000000 0.421500000 0.429025000
0.350000000 0.417000000 0.422500000
0.355000000 0.413500000 0.416025000
0.360000000 0.414000000 0.409600000
0.365000000 0.391000000 0.403225000
0.370000000 0.398500000 0.396900000
0.375000000 0.392000000 0.390625000
0.380000000 0.392000000 0.384400000
0.385000000 0.382500000 0.378225000
0.390000000 0.360500000 0.372100000
0.395000000 0.382500000 0.366025000
0.400000000 0.358500000 0.360000000
0.405000000 0.349500000 0.354025000
0.410000000 0.342000000 0.348100000
0.415000000 0.328500000 0.342225000
0.420000000 0.358500000 0.336400000
0.425000000 0.331500000 0.330625000
0.430000000 0.332000000 0.324900000
0.435000000 0.320000000 0.319225000
0.440000000 0.312500000 0.313600000
0.445000000 0.318500000 0.308025000
0.450000000 0.315500000 0.302500000
0.455000000 0.298000000 0.297025000
0.460000000 0.292000000 0.291600000
0.465000000 0.289500000 0.286225000
0.470000000 0.295000000 0.280900000
0.475000000 0.254500000 0.275625000
0.480000000 0.268000000 0.270400000
0.485000000 0.276000000 0.265225000
0.490000000 0.251000000 0.260100000
0.495000000 0.266500000 0.255025000
0.500000000 0.250000000 0.250000000
0.505000000 0.271500000 0.245025000
0.510000000 0.237000000 0.240100000
0.515000000 0.227000000 0.235225000
0.520000000 0.229500000 0.230400000
0.525000000 0.235500000 0.225625000
0.530000000 0.214500000 0.220900000
0.535000000 0.189000000 0.216225000
0.540000000 0.214000000 0.211600000
0.545000000 0.206000000 0.207025000
0.550000000 0.200000000 0.202500000
0.555000000 0.218500000 0.198025000
0.560000000 0.197000000 0.193600000
0.565000000 0.183500000 0.189225000
0.570000000 0.173500000 0.184900000
0.575000000 0.170500000 0.180625000
0.580000000 0.182000000 0.176400000
0.585000000 0.165000000 0.172225000
0.590000000 0.170000000 0.168100000
0.595000000 0.165500000 0.164025000
0.600000000 0.160000000 0.160000000
0.605000000 0.146500000 0.156025000
0.610000000 0.156500000 0.152100000
0.615000000 0.149000000 0.148225000
0.620000000 0.142500000 0.144400000
0.625000000 0.149500000 0.140625000
0.630000000 0.143500000 0.136900000
0.635000000 0.130000000 0.133225000
0.640000000 0.132000000 0.129600000
0.645000000 0.130500000 0.126025000
0.650000000 0.116500000 0.122500000
0.655000000 0.116500000 0.119025000
0.660000000 0.129000000 0.115600000
0.665000000 0.097000000 0.112225000
0.670000000 0.112500000 0.108900000
0.675000000 0.113000000 0.105625000
0.680000000 0.101500000 0.102400000
0.685000000 0.099500000 0.099225000
0.690000000 0.089500000 0.096100000
0.695000000 0.085500000 0.093025000
0.700000000 0.088000000 0.090000000
0.705000000 0.086500000 0.087025000
0.710000000 0.087000000 0.084100000
0.715000000 0.090000000 0.081225000
0.720000000 0.079500000 0.078400000
0.725000000 0.068500000 0.075625000
0.730000000 0.073500000 0.072900000
0.735000000 0.068000000 0.070225000
0.740000000 0.070500000 0.067600000
0.745000000 0.069000000 0.065025000
0.750000000 0.065500000 0.062500000
0.755000000 0.061000000 0.060025000
0.760000000 0.060500000 0.057600000
0.765000000 0.060500000 0.055225000
0.770000000 0.054000000 0.052900000
0.775000000 0.041000000 0.050625000
0.780000000 0.046500000 0.048400000
0.785000000 0.038000000 0.046225000
0.790000000 0.045500000 0.044100000
0.795000000 0.044000000 0.042025000
0.800000000 0.037000000 0.040000000
0.805000000 0.038000000 0.038025000
0.810000000 0.038500000 0.036100000
0.815000000 0.038500000 0.034225000
0.820000000 0.034000000 0.032400000
0.825000000 0.031500000 0.030625000
0.830000000 0.022000000 0.028900000
0.835000000 0.026500000 0.027225000
0.840000000 0.027000000 0.025600000
0.845000000 0.023000000 0.024025000
0.850000000 0.033000000 0.022500000
0.855000000 0.021000000 0.021025000
0.860000000 0.016000000 0.019600000
0.865000000 0.023000000 0.018225000
0.870000000 0.018500000 0.016900000
0.875000000 0.011000000 0.015625000
0.880000000 0.015000000 0.014400000
0.885000000 0.014500000 0.013225000
0.890000000 0.013000000 0.012100000
0.895000000 0.012500000 0.011025000
0.900000000 0.008000000 0.010000000
0.905000000 0.009000000 0.009025000
0.910000000 0.009500000 0.008100000
0.915000000 0.008500000 0.007225000
0.920000000 0.006000000 0.006400000
0.925000000 0.006000000 0.005625000
0.930000000 0.005000000 0.004900000
0.935000000 0.007000000 0.004225000
0.940000000 0.003500000 0.003600000
0.945000000 0.002000000 0.003025000
0.950000000 0.001000000 0.002500000
0.955000000 0.001500000 0.002025000
0.960000000 0.001500000 0.001600000
0.965000000 0.001500000 0.001225000
0.970000000 0.001000000 0.000900000
0.975000000 0.000000000 0.000625000
0.980000000 0.000500000 0.000400000
0.985000000 0.000500000 0.000225000
0.990000000 0.000000000 0.000100000
0.995000000 0.000000000 0.000025000
1.000000000 0.000000000 0.000000000

