3
3 0
201
0.000000000 1.000000000 
0.005000000 1.000000000 
0.010000000 1.000000000 
0.015000000 1.000000000 
0.020000000 1.000000000 
0.025000000 1.000000000 
0.030000000 1.000000000 
0.035000000 1.000000000 
0.040000000 1.000000000 
0.045000000 1.000000000 
0.050000000 1.000000000 
0.055000000 0.999500000 
0.060000000 1.000000000 
0.065000000 1.000000000 
0.070000000 1.000000000 
0.075000000 1.000000000 
0.080000000 1.000000000 
0.085000000 1.000000000 
0.090000000 1.000000000 
0.095000000 0.999000000 
0.100000000 0.999500000 
0.105000000 0.999000000 
0.110000000 0.999500000 
0.115000000 0.999500000 
0.120000000 0.999500000 
0.125000000 1.000000000 
0.130000000 1.000000000 
0.135000000 0.998500000 
0.140000000 0.998000000 
0.145000000 0.998000000 
0.150000000 0.995500000 
0.155000000 0.996500000 
0.160000000 0.997000000 
0.165000000 0.997500000 
0.170000000 0.992000000 
0.175000000 0.994000000 
0.180000000 0.992500000 
0.185000000 0.992500000 
0.190000000 0.994500000 
0.195000000 0.990000000 
0.200000000 0.991500000 
0.205000000 0.986500000 
0.210000000 0.987500000 
0.215000000 0.990500000 
0.220000000 0.983500000 
0.225000000 0.978000000 
0.230000000 0.974500000 
0.235000000 0.982500000 
0.240000000 0.976000000 
0.245000000 0.976500000 
0.250000000 0.978500000 
0.255000000 0.970500000 
0.260000000 0.967000000 
0.265000000 0.973500000 
0.270000000 0.964500000 
0.275000000 0.959500000 
0.280000000 0.960500000 
0.285000000 0.952000000 
0.290000000 0.949500000 
0.295000000 0.941500000 
0.300000000 0.941000000 
0.305000000 0.941500000 
0.310000000 0.940000000 
0.315000000 0.929000000 
0.320000000 0.930500000 
0.325000000 0.919500000 
0.330000000 0.916500000 
0.335000000 0.913000000 
0.340000000 0.908500000 
0.345000000 0.894000000 
0.350000000 0.892000000 
0.355000000 0.871000000 
0.360000000 0.878000000 
0.365000000 0.871000000 
0.370000000 0.888500000 
0.375000000 0.861000000 
0.380000000 0.857000000 
0.385000000 0.844500000 
0.390000000 0.833000000 
0.395000000 0.853500000 
0.400000000 0.826000000 
0.405000000 0.810000000 
0.410000000 0.799500000 
0.415000000 0.813500000 
0.420000000 0.790000000 
0.425000000 0.780500000 
0.430000000 0.777500000 
0.435000000 0.764000000 
0.440000000 0.742500000 
0.445000000 0.746000000 
0.450000000 0.738500000 
0.455000000 0.731500000 
0.460000000 0.729000000 
0.465000000 0.718500000 
0.470000000 0.692000000 
0.475000000 0.696000000 
0.480000000 0.672000000 
0.485000000 0.672000000 
0.490000000 0.654500000 
0.495000000 0.628500000 
0.500000000 0.640500000 
0.505000000 0.635500000 
0.510000000 0.624500000 
0.515000000 0.581500000 
0.520000000 0.616000000 
0.525000000 0.550000000 
0.530000000 0.544500000 
0.535000000 0.574000000 
0.540000000 0.539000000 
0.545000000 0.518500000 
0.550000000 0.515500000 
0.555000000 0.513000000 
0.560000000 0.474000000 
0.565000000 0.461000000 
0.570000000 0.470500000 
0.575000000 0.465500000 
0.580000000 0.465000000 
0.585000000 0.453000000 
0.590000000 0.428500000 
0.595000000 0.426500000 
0.600000000 0.414500000 
0.605000000 0.379000000 
0.610000000 0.375000000 
0.615000000 0.363500000 
0.620000000 0.360000000 
0.625000000 0.332500000 
0.630000000 0.354500000 
0.635000000 0.313000000 
0.640000000 0.319000000 
0.645000000 0.311500000 
0.650000000 0.286000000 
0.655000000 0.286000000 
0.660000000 0.249000000 
0.665000000 0.264500000 
0.670000000 0.257000000 
0.675000000 0.240000000 
0.680000000 0.234000000 
0.685000000 0.214000000 
0.690000000 0.202000000 
0.695000000 0.190000000 
0.700000000 0.203500000 
0.705000000 0.184000000 
0.710000000 0.189500000 
0.715000000 0.146000000 
0.720000000 0.165500000 
0.725000000 0.148500000 
0.730000000 0.134000000 
0.735000000 0.154000000 
0.740000000 0.120500000 
0.745000000 0.126000000 
0.750000000 0.123500000 
0.755000000 0.116000000 
0.760000000 0.116500000 
0.765000000 0.085000000 
0.770000000 0.093000000 
0.775000000 0.087000000 
0.780000000 0.073000000 
0.785000000 0.083000000 
0.790000000 0.071000000 
0.795000000 0.047000000 
0.800000000 0.056000000 
0.805000000 0.058500000 
0.810000000 0.053500000 
0.815000000 0.046000000 
0.820000000 0.046000000 
0.825000000 0.039000000 
0.830000000 0.033500000 
0.835000000 0.031500000 
0.840000000 0.023500000 
0.845000000 0.021500000 
0.850000000 0.025500000 
0.855000000 0.019000000 
0.860000000 0.017000000 
0.865000000 0.014000000 
0.870000000 0.009000000 
0.875000000 0.011500000 
0.880000000 0.012500000 
0.885000000 0.006500000 
0.890000000 0.007000000 
0.895000000 0.007500000 
0.900000000 0.004000000 
0.905000000 0.003500000 
0.910000000 0.003000000 
0.915000000 0.002000000 
0.920000000 0.002500000 
0.925000000 0.002000000 
0.930000000 0.003000000 
0.935000000 0.001500000 
0.940000000 0.000500000 
0.945000000 0.001000000 
0.950000000 0.000000000 
0.955000000 0.001000000 
0.960000000 0.000000000 
0.965000000 0.000000000 
0.970000000 0.000000000 
0.975000000 0.000000000 
0.980000000 0.000000000 
0.985000000 0.000000000 
0.990000000 0.000000000 
0.995000000 0.000000000 
1.000000000 0.000000000 

3 1
201
0.000000000 1.000000000 
0.005000000 0.999500000 
0.010000000 0.998500000 
0.015000000 0.995500000 
0.020000000 0.987000000 
0.025000000 0.987000000 
0.030000000 0.983000000 
0.035000000 0.972000000 
0.040000000 0.968000000 
0.045000000 0.963000000 
0.050000000 0.954000000 
0.055000000 0.946500000 
0.060000000 0.929500000 
0.065000000 0.916000000 
0.070000000 0.900000000 
0.075000000 0.900000000 
0.080000000 0.882000000 
0.085000000 0.879500000 
0.090000000 0.866000000 
0.095000000 0.850000000 
0.100000000 0.828000000 
0.105000000 0.838000000 
0.110000000 0.807500000 
0.115000000 0.798500000 
0.120000000 0.789000000 
0.125000000 0.772000000 
0.130000000 0.760000000 
0.135000000 0.734000000 
0.140000000 0.730500000 
0.145000000 0.692500000 
0.150000000 0.691000000 
0.155000000 0.680000000 
0.160000000 0.648000000 
0.165000000 0.665500000 
0.170000000 0.615500000 
0.175000000 0.619000000 
0.180000000 0.625000000 
0.185000000 0.585000000 
0.190000000 0.571000000 
0.195000000 0.567000000 
0.200000000 0.534000000 
0.205000000 0.552000000 
0.210000000 0.511500000 
0.215000000 0.498500000 
0.220000000 0.496500000 
0.225000000 0.469000000 
0.230000000 0.476000000 
0.235000000 0.453500000 
0.240000000 0.457500000 
0.245000000 0.433500000 
0.250000000 0.413500000 
0.255000000 0.405000000 
0.260000000 0.382500000 
0.265000000 0.390000000 
0.270000000 0.368500000 
0.275000000 0.348000000 
0.280000000 0.340000000 
0.285000000 0.329000000 
0.290000000 0.309500000 
0.295000000 0.303500000 
0.300000000 0.300500000 
0.305000000 0.293500000 
0.310000000 0.280500000 
0.315000000 0.266500000 
0.320000000 0.262500000 
0.325000000 0.246000000 
0.330000000 0.230500000 
0.335000000 0.226500000 
0.340000000 0.222500000 
0.345000000 0.187500000 
0.350000000 0.217500000 
0.355000000 0.210000000 
0.360000000 0.194000000 
0.365000000 0.180000000 
0.370000000 0.178500000 
0.375000000 0.166500000 
0.380000000 0.170000000 
0.385000000 0.139000000 
0.390000000 0.135500000 
0.395000000 0.150000000 
0.400000000 0.131000000 
0.405000000 0.120500000 
0.410000000 0.128000000 
0.415000000 0.116000000 
0.420000000 0.114000000 
0.425000000 0.106500000 
0.430000000 0.093000000 
0.435000000 0.105000000 
0.440000000 0.092000000 
0.445000000 0.095500000 
0.450000000 0.080000000 
0.455000000 0.080500000 
0.460000000 0.083000000 
0.465000000 0.068000000 
0.470000000 0.061000000 
0.475000000 0.062500000 
0.480000000 0.067000000 
0.485000000 0.063500000 
0.490000000 0.057500000 
0.495000000 0.058500000 
0.500000000 0.048000000 
0.505000000 0.048000000 
0.510000000 0.055500000 
0.515000000 0.045000000 
0.520000000 0.046000000 
0.525000000 0.033500000 
0.530000000 0.033000000 
0.535000000 0.039500000 
0.540000000 0.031000000 
0.545000000 0.032500000 
0.550000000 0.031500000 
0.555000000 0.023500000 
0.560000000 0.021000000 
0.565000000 0.020000000 
0.570000000 0.023000000 
0.575000000 0.023500000 
0.580000000 0.020000000 
0.585000000 0.016000000 
0.590000000 0.021500000 
0.595000000 0.013500000 
0.600000000 0.015500000 
0.605000000 0.016000000 
0.610000000 0.011000000 
0.615000000 0.006500000 
0.620000000 0.010500000 
0.625000000 0.013000000 
0.630000000 0.012000000 
0.635000000 0.010500000 
0.640000000 0.006500000 
0.645000000 0.006500000 
0.650000000 0.006000000 
0.655000000 0.007000000 
0.660000000 0.002500000 
0.665000000 0.004500000 
0.670000000 0.006500000 
0.675000000 0.004000000 
0.680000000 0.004000000 
0.685000000 0.002000000 
0.690000000 0.003500000 
0.695000000 0.003000000 
0.700000000 0.001000000 
0.705000000 0.002000000 
0.710000000 0.002000000 
0.715000000 0.001500000 
0.720000000 0.002500000 
0.725000000 0.002000000 
0.730000000 0.002500000 
0.735000000 0.002000000 
0.740000000 0.001000000 
0.745000000 0.001500000 
0.750000000 0.000000000 
0.755000000 0.000500000 
0.760000000 0.000000000 
0.765000000 0.000000000 
0.770000000 0.000000000 
0.775000000 0.001000000 
0.780000000 0.000000000 
0.785000000 0.000500000 
0.790000000 0.000500000 
0.795000000 0.000000000 
0.800000000 0.000500000 
0.805000000 0.000000000 
0.810000000 0.000500000 
0.815000000 0.000500000 
0.820000000 0.000500000 
0.825000000 0.000000000 
0.830000000 0.000000000 
0.835000000 0.000000000 
0.840000000 0.000000000 
0.845000000 0.000500000 
0.850000000 0.000000000 
0.855000000 0.000000000 
0.860000000 0.000000000 
0.865000000 0.000000000 
0.870000000 0.000000000 
0.875000000 0.000000000 
0.880000000 0.000000000 
0.885000000 0.000000000 
0.890000000 0.000000000 
0.895000000 0.000000000 
0.900000000 0.000000000 
0.905000000 0.000000000 
0.910000000 0.000000000 
0.915000000 0.000000000 
0.920000000 0.000000000 
0.925000000 0.000000000 
0.930000000 0.000000000 
0.935000000 0.000000000 
0.940000000 0.000000000 
0.945000000 0.000000000 
0.950000000 0.000000000 
0.955000000 0.000000000 
0.960000000 0.000000000 
0.965000000 0.000000000 
0.970000000 0.000000000 
0.975000000 0.000000000 
0.980000000 0.000000000 
0.985000000 0.000000000 
0.990000000 0.000000000 
0.995000000 0.000000000 
1.000000000 0.000000000 

3 2
201
0.000000000 1.000000000 
0.005000000 0.966500000 
0.010000000 0.922500000 
0.015000000 0.893500000 
0.020000000 0.849000000 
0.025000000 0.838500000 
0.030000000 0.807500000 
0.035000000 0.759000000 
0.040000000 0.713000000 
0.045000000 0.706500000 
0.050000000 0.662500000 
0.055000000 0.642500000 
0.060000000 0.620500000 
0.065000000 0.584500000 
0.070000000 0.540000000 
0.075000000 0.533500000 
0.080000000 0.522500000 
0.085000000 0.504500000 
0.090000000 0.459500000 
0.095000000 0.450500000 
0.100000000 0.421000000 
0.105000000 0.408500000 
0.110000000 0.404000000 
0.115000000 0.395500000 
0.120000000 0.351000000 
0.125000000 0.331500000 
0.130000000 0.321000000 
0.135000000 0.298500000 
0.140000000 0.296000000 
0.145000000 0.276500000 
0.150000000 0.268000000 
0.155000000 0.249500000 
0.160000000 0.241000000 
0.165000000 0.238000000 
0.170000000 0.220000000 
0.175000000 0.219000000 
0.180000000 0.199000000 
0.185000000 0.182000000 
0.190000000 0.177500000 
0.195000000 0.175500000 
0.200000000 0.181000000 
0.205000000 0.148000000 
0.210000000 0.141000000 
0.215000000 0.141500000 
0.220000000 0.135500000 
0.225000000 0.124500000 
0.230000000 0.122500000 
0.235000000 0.125000000 
0.240000000 0.116000000 
0.245000000 0.111500000 
0.250000000 0.099000000 
0.255000000 0.094500000 
0.260000000 0.098000000 
0.265000000 0.078000000 
0.270000000 0.075500000 
0.275000000 0.072000000 
0.280000000 0.064000000 
0.285000000 0.074500000 
0.290000000 0.058500000 
0.295000000 0.058500000 
0.300000000 0.058500000 
0.305000000 0.055500000 
0.310000000 0.057000000 
0.315000000 0.048000000 
0.320000000 0.045500000 
0.325000000 0.045500000 
0.330000000 0.036000000 
0.335000000 0.042500000 
0.340000000 0.038500000 
0.345000000 0.036000000 
0.350000000 0.030000000 
0.355000000 0.026000000 
0.360000000 0.028500000 
0.365000000 0.023500000 
0.370000000 0.021000000 
0.375000000 0.024500000 
0.380000000 0.019000000 
0.385000000 0.023000000 
0.390000000 0.021500000 
0.395000000 0.021500000 
0.400000000 0.021500000 
0.405000000 0.021000000 
0.410000000 0.016500000 
0.415000000 0.014500000 
0.420000000 0.014000000 
0.425000000 0.011500000 
0.430000000 0.011000000 
0.435000000 0.015000000 
0.440000000 0.008000000 
0.445000000 0.009500000 
0.450000000 0.011500000 
0.455000000 0.007500000 
0.460000000 0.010000000 
0.465000000 0.005500000 
0.470000000 0.006500000 
0.475000000 0.002500000 
0.480000000 0.006000000 
0.485000000 0.003500000 
0.490000000 0.004000000 
0.495000000 0.002500000 
0.500000000 0.002500000 
0.505000000 0.002500000 
0.510000000 0.004000000 
0.515000000 0.002500000 
0.520000000 0.002500000 
0.525000000 0.001500000 
0.530000000 0.003000000 
0.535000000 0.002000000 
0.540000000 0.002500000 
0.545000000 0.001500000 
0.550000000 0.001500000 
0.555000000 0.002000000 
0.560000000 0.001000000 
0.565000000 0.001500000 
0.570000000 0.001500000 
0.575000000 0.001000000 
0.580000000 0.003500000 
0.585000000 0.001500000 
0.590000000 0.001000000 
0.595000000 0.000500000 
0.600000000 0.000000000 
0.605000000 0.000500000 
0.610000000 0.000000000 
0.615000000 0.000000000 
0.620000000 0.000500000 
0.625000000 0.000000000 
0.630000000 0.000000000 
0.635000000 0.000000000 
0.640000000 0.000000000 
0.645000000 0.000000000 
0.650000000 0.000000000 
0.655000000 0.000000000 
0.660000000 0.000000000 
0.665000000 0.000500000 
0.670000000 0.000000000 
0.675000000 0.000000000 
0.680000000 0.000000000 
0.685000000 0.000000000 
0.690000000 0.000000000 
0.695000000 0.000000000 
0.700000000 0.000000000 
0.705000000 0.000000000 
0.710000000 0.000500000 
0.715000000 0.000000000 
0.720000000 0.000000000 
0.725000000 0.000000000 
0.730000000 0.000000000 
0.735000000 0.000000000 
0.740000000 0.000000000 
0.745000000 0.000000000 
0.750000000 0.000000000 
0.755000000 0.000000000 
0.760000000 0.000000000 
0.765000000 0.000000000 
0.770000000 0.000000000 
0.775000000 0.000000000 
0.780000000 0.000000000 
0.785000000 0.000000000 
0.790000000 0.000000000 
0.795000000 0.000000000 
0.800000000 0.000000000 
0.805000000 0.000000000 
0.810000000 0.000000000 
0.815000000 0.000000000 
0.820000000 0.000000000 
0.825000000 0.000000000 
0.830000000 0.000000000 
0.835000000 0.000000000 
0.840000000 0.000000000 
0.845000000 0.000000000 
0.850000000 0.000000000 
0.855000000 0.000000000 
0.860000000 0.000000000 
0.865000000 0.000000000 
0.870000000 0.000000000 
0.875000000 0.000000000 
0.880000000 0.000000000 
0.885000000 0.000000000 
0.890000000 0.000000000 
0.895000000 0.000000000 
0.900000000 0.000000000 
0.905000000 0.000000000 
0.910000000 0.000000000 
0.915000000 0.000000000 
0.920000000 0.000000000 
0.925000000 0.000000000 
0.930000000 0.000000000 
0.935000000 0.000000000 
0.940000000 0.000000000 
0.945000000 0.000000000 
0.950000000 0.000000000 
0.955000000 0.000000000 
0.960000000 0.000000000 
0.965000000 0.000000000 
0.970000000 0.000000000 
0.975000000 0.000000000 
0.980000000 0.000000000 
0.985000000 0.000000000 
0.990000000 0.000000000 
0.995000000 0.000000000 
1.000000000 0.000000000 

3 3
201
0.000000000 1.000000000 
0.005000000 0.955500000 
0.010000000 0.921500000 
0.015000000 0.892000000 
0.020000000 0.863500000 
0.025000000 0.807000000 
0.030000000 0.780000000 
0.035000000 0.762500000 
0.040000000 0.717000000 
0.045000000 0.678000000 
0.050000000 0.659500000 
0.055000000 0.636500000 
0.060000000 0.610000000 
0.065000000 0.576000000 
0.070000000 0.550000000 
0.075000000 0.533500000 
0.080000000 0.525000000 
0.085000000 0.485000000 
0.090000000 0.473000000 
0.095000000 0.467000000 
0.100000000 0.425500000 
0.105000000 0.401000000 
0.110000000 0.402000000 
0.115000000 0.394000000 
0.120000000 0.358000000 
0.125000000 0.348000000 
0.130000000 0.314500000 
0.135000000 0.311000000 
0.140000000 0.296500000 
0.145000000 0.297000000 
0.150000000 0.294000000 
0.155000000 0.245500000 
0.160000000 0.254000000 
0.165000000 0.232500000 
0.170000000 0.224000000 
0.175000000 0.207000000 
0.180000000 0.190500000 
0.185000000 0.185000000 
0.190000000 0.193000000 
0.195000000 0.183000000 
0.200000000 0.170000000 
0.205000000 0.162000000 
0.210000000 0.151000000 
0.215000000 0.143000000 
0.220000000 0.143000000 
0.225000000 0.141000000 
0.230000000 0.128500000 
0.235000000 0.121000000 
0.240000000 0.108000000 
0.245000000 0.098000000 
0.250000000 0.097500000 
0.255000000 0.097500000 
0.260000000 0.091500000 
0.265000000 0.085000000 
0.270000000 0.069500000 
0.275000000 0.079000000 
0.280000000 0.074000000 
0.285000000 0.064000000 
0.290000000 0.060500000 
0.295000000 0.053000000 
0.300000000 0.055000000 
0.305000000 0.057500000 
0.310000000 0.058000000 
0.315000000 0.051000000 
0.320000000 0.041500000 
0.325000000 0.046500000 
0.330000000 0.039500000 
0.335000000 0.036000000 
0.340000000 0.037500000 
0.345000000 0.030000000 
0.350000000 0.032000000 
0.355000000 0.032000000 
0.360000000 0.021500000 
0.365000000 0.022500000 
0.370000000 0.027000000 
0.375000000 0.029500000 
0.380000000 0.021000000 
0.385000000 0.023000000 
0.390000000 0.022500000 
0.395000000 0.015500000 
0.400000000 0.016500000 
0.405000000 0.017000000 
0.410000000 0.015000000 
0.415000000 0.011000000 
0.420000000 0.014500000 
0.425000000 0.007000000 
0.430000000 0.014000000 
0.435000000 0.008500000 
0.440000000 0.012500000 
0.445000000 0.008000000 
0.450000000 0.009000000 
0.455000000 0.007000000 
0.460000000 0.011500000 
0.465000000 0.008500000 
0.470000000 0.005500000 
0.475000000 0.003000000 
0.480000000 0.004000000 
0.485000000 0.003500000 
0.490000000 0.002000000 
0.495000000 0.001500000 
0.500000000 0.002500000 
0.505000000 0.001500000 
0.510000000 0.002000000 
0.515000000 0.003500000 
0.520000000 0.001500000 
0.525000000 0.001000000 
0.530000000 0.002500000 
0.535000000 0.003000000 
0.540000000 0.001000000 
0.545000000 0.002000000 
0.550000000 0.002500000 
0.555000000 0.002500000 
0.560000000 0.002500000 
0.565000000 0.000500000 
0.570000000 0.002000000 
0.575000000 0.001500000 
0.580000000 0.001000000 
0.585000000 0.002000000 
0.590000000 0.000500000 
0.595000000 0.000500000 
0.600000000 0.002000000 
0.605000000 0.000000000 
0.610000000 0.000000000 
0.615000000 0.000000000 
0.620000000 0.000500000 
0.625000000 0.001500000 
0.630000000 0.000000000 
0.635000000 0.000500000 
0.640000000 0.000000000 
0.645000000 0.000000000 
0.650000000 0.000000000 
0.655000000 0.000000000 
0.660000000 0.000000000 
0.665000000 0.000500000 
0.670000000 0.000000000 
0.675000000 0.000000000 
0.680000000 0.000500000 
0.685000000 0.000000000 
0.690000000 0.000000000 
0.695000000 0.000000000 
0.700000000 0.000000000 
0.705000000 0.000000000 
0.710000000 0.000000000 
0.715000000 0.000000000 
0.720000000 0.000000000 
0.725000000 0.000000000 
0.730000000 0.000000000 
0.735000000 0.000000000 
0.740000000 0.000500000 
0.745000000 0.000000000 
0.750000000 0.000000000 
0.755000000 0.000000000 
0.760000000 0.000000000 
0.765000000 0.000000000 
0.770000000 0.000000000 
0.775000000 0.000000000 
0.780000000 0.000000000 
0.785000000 0.000000000 
0.790000000 0.000000000 
0.795000000 0.000000000 
0.800000000 0.000000000 
0.805000000 0.000000000 
0.810000000 0.000000000 
0.815000000 0.000000000 
0.820000000 0.000000000 
0.825000000 0.000000000 
0.830000000 0.000000000 
0.835000000 0.000000000 
0.840000000 0.000000000 
0.845000000 0.000000000 
0.850000000 0.000000000 
0.855000000 0.000000000 
0.860000000 0.000000000 
0.865000000 0.000000000 
0.870000000 0.000000000 
0.875000000 0.000000000 
0.880000000 0.000000000 
0.885000000 0.000000000 
0.890000000 0.000000000 
0.895000000 0.000000000 
0.900000000 0.000000000 
0.905000000 0.000000000 
0.910000000 0.000000000 
0.915000000 0.000000000 
0.920000000 0.000000000 
0.925000000 0.000000000 
0.930000000 0.000000000 
0.935000000 0.000000000 
0.940000000 0.000000000 
0.945000000 0.000000000 
0.950000000 0.000000000 
0.955000000 0.000000000 
0.960000000 0.000000000 
0.965000000 0.000000000 
0.970000000 0.000000000 
0.975000000 0.000000000 
0.980000000 0.000000000 
0.985000000 0.000000000 
0.990000000 0.000000000 
0.995000000 0.000000000 
1.000000000 0.000000000 

