8
8 0
201
0.000000000 1.000000000 1.000000000
0.005000000 1.000000000 1.000000000
0.010000000 1.000000000 1.000000000
0.015000000 1.000000000 1.000000000
0.020000000 1.000000000 1.000000000
0.025000000 1.000000000 1.000000000
0.030000000 1.000000000 1.000000000
0.035000000 1.000000000 1.000000000
0.040000000 1.000000000 1.000000000
0.045000000 1.000000000 1.000000000
0.050000000 1.000000000 1.000000000
0.055000000 1.000000000 1.000000000
0.060000000 1.000000000 1.000000000
0.065000000 1.000000000 1.000000000
0.070000000 1.000000000 1.000000000
0.075000000 1.000000000 1.000000000
0.080000000 1.000000000 1.000000000
0.085000000 1.000000000 1.000000000
0.090000000 1.000000000 1.000000000
0.095000000 1.000000000 1.000000000
0.100000000 1.000000000 1.000000000
0.105000000 1.000000000 1.000000000
0.110000000 1.000000000 1.000000000
0.115000000 1.000000000 1.000000000
0.120000000 1.000000000 1.000000000
0.125000000 1.000000000 1.000000000
0.130000000 1.000000000 1.000000000
0.135000000 1.000000000 1.000000000
0.140000000 1.000000000 1.000000000
0.145000000 1.000000000 1.000000000
0.150000000 1.000000000 1.000000000
0.155000000 1.000000000 1.000000000
0.160000000 1.000000000 1.000000000
0.165000000 1.000000000 1.000000000
0.170000000 1.000000000 1.000000000
0.175000000 1.000000000 1.000000000
0.180000000 1.000000000 1.000000000
0.185000000 1.000000000 1.000000000
0.190000000 1.000000000 1.000000000
0.195000000 1.000000000 1.000000000
0.200000000 1.000000000 1.000000000
0.205000000 1.000000000 1.000000000
0.210000000 1.000000000 1.000000000
0.215000000 1.000000000 1.000000000
0.220000000 1.000000000 1.000000000
0.225000000 1.000000000 1.000000000
0.230000000 1.000000000 1.000000000
0.235000000 1.000000000 1.000000000
0.240000000 1.000000000 1.000000000
0.245000000 1.000000000 1.000000000
0.250000000 1.000000000 1.000000000
0.255000000 1.000000000 1.000000000
0.260000000 1.000000000 1.000000000
0.265000000 1.000000000 1.000000000
0.270000000 1.000000000 1.000000000
0.275000000 1.000000000 1.000000000
0.280000000 1.000000000 1.000000000
0.285000000 1.000000000 1.000000000
0.290000000 1.000000000 1.000000000
0.295000000 1.000000000 1.000000000
0.300000000 1.000000000 1.000000000
0.305000000 1.000000000 1.000000000
0.310000000 1.000000000 1.000000000
0.315000000 1.000000000 1.000000000
0.320000000 1.000000000 0.999999999
0.325000000 1.000000000 0.999999998
0.330000000 1.000000000 0.999999993
0.335000000 1.000000000 0.999999981
0.340000000 1.000000000 0.999999950
0.345000000 1.000000000 0.999999872
0.350000000 1.000000000 0.999999684
0.355000000 1.000000000 0.999999245
0.360000000 1.000000000 0.999998251
0.365000000 1.000000000 0.999996074
0.370000000 1.000000000 0.999991460
0.375000000 1.000000000 0.999981981
0.380000000 0.999500000 0.999963102
0.385000000 1.000000000 0.999926633
0.390000000 1.000000000 0.999858276
0.395000000 1.000000000 0.999733895
0.400000000 0.999000000 0.999514106
0.405000000 0.999000000 0.999136795
0.410000000 0.997500000 0.998507307
0.415000000 0.997500000 0.997486341
0.420000000 0.997000000 0.995876047
0.425000000 0.995000000 0.993405501
0.430000000 0.991500000 0.989717503
0.435000000 0.982000000 0.984359466
0.440000000 0.973500000 0.976781758
0.445000000 0.966000000 0.966347092
0.450000000 0.949500000 0.952354063
0.455000000 0.943500000 0.934076689
0.460000000 0.913000000 0.910819681
0.465000000 0.883000000 0.881986427
0.470000000 0.845500000 0.847153656
0.475000000 0.814500000 0.806144133
0.480000000 0.762500000 0.759087088
0.485000000 0.700000000 0.706456052
0.490000000 0.633500000 0.649075607
0.495000000 0.596000000 0.588092254
0.500000000 0.528500000 0.524909555
0.505000000 0.465000000 0.461093204
0.510000000 0.376500000 0.398256478
0.515000000 0.331500000 0.337939833
0.520000000 0.301000000 0.281499376
0.525000000 0.219500000 0.230017474
0.530000000 0.178000000 0.184245066
0.535000000 0.138500000 0.144580231
0.540000000 0.125500000 0.111082056
0.545000000 0.084500000 0.083514124
0.550000000 0.054000000 0.061408549
0.555000000 0.049000000 0.044140073
0.560000000 0.039000000 0.031000128
0.565000000 0.027000000 0.021262666
0.570000000 0.017000000 0.014236333
0.575000000 0.010500000 0.009300588
0.580000000 0.003500000 0.005926005
0.585000000 0.004000000 0.003680958
0.590000000 0.001500000 0.002227995
0.595000000 0.002500000 0.001313492
0.600000000 0.000500000 0.000753881
0.605000000 0.000500000 0.000421055
0.610000000 0.000500000 0.000228733
0.615000000 0.000000000 0.000120798
0.620000000 0.000000000 0.000061989
0.625000000 0.000000000 0.000030893
0.630000000 0.000000000 0.000014944
0.635000000 0.000000000 0.000007013
0.640000000 0.000000000 0.000003191
0.645000000 0.000000000 0.000001407
0.650000000 0.000000000 0.000000601
0.655000000 0.000000000 0.000000248
0.660000000 0.000000000 0.000000099
0.665000000 0.000000000 0.000000038
0.670000000 0.000000000 0.000000014
0.675000000 0.000000000 0.000000005
0.680000000 0.000000000 0.000000002
0.685000000 0.000000000 0.000000001
0.690000000 0.000000000 0.000000000
0.695000000 0.000000000 0.000000000
0.700000000 0.000000000 0.000000000
0.705000000 0.000000000 0.000000000
0.710000000 0.000000000 0.000000000
0.715000000 0.000000000 0.000000000
0.720000000 0.000000000 0.000000000
0.725000000 0.000000000 0.000000000
0.730000000 0.000000000 0.000000000
0.735000000 0.000000000 0.000000000
0.740000000 0.000000000 0.000000000
0.745000000 0.000000000 0.000000000
0.750000000 0.000000000 0.000000000
0.755000000 0.000000000 0.000000000
0.760000000 0.000000000 0.000000000
0.765000000 0.000000000 0.000000000
0.770000000 0.000000000 0.000000000
0.775000000 0.000000000 0.000000000
0.780000000 0.000000000 0.000000000
0.785000000 0.000000000 0.000000000
0.790000000 0.000000000 0.000000000
0.795000000 0.000000000 0.000000000
0.800000000 0.000000000 0.000000000
0.805000000 0.000000000 0.000000000
0.810000000 0.000000000 0.000000000
0.815000000 0.000000000 0.000000000
0.820000000 0.000000000 0.000000000
0.825000000 0.000000000 0.000000000
0.830000000 0.000000000 0.000000000
0.835000000 0.000000000 0.000000000
0.840000000 0.000000000 0.000000000
0.845000000 0.000000000 0.000000000
0.850000000 0.000000000 0.000000000
0.855000000 0.000000000 0.000000000
0.860000000 0.000000000 0.000000000
0.865000000 0.000000000 0.000000000
0.870000000 0.000000000 0.000000000
0.875000000 0.000000000 0.000000000
0.880000000 0.000000000 0.000000000
0.885000000 0.000000000 0.000000000
0.890000000 0.000000000 0.000000000
0.895000000 0.000000000 0.000000000
0.900000000 0.000000000 0.000000000
0.905000000 0.000000000 0.000000000
0.910000000 0.000000000 0.000000000
0.915000000 0.000000000 0.000000000
0.920000000 0.000000000 0.000000000
0.925000000 0.000000000 0.000000000
0.930000000 0.000000000 0.000000000
0.935000000 0.000000000 0.000000000
0.940000000 0.000000000 0.000000000
0.945000000 0.000000000 0.000000000
0.950000000 0.000000000 0.000000000
0.955000000 0.000000000 0.000000000
0.960000000 0.000000000 0.000000000
0.965000000 0.000000000 0.000000000
0.970000000 0.000000000 0.000000000
0.975000000 0.000000000 0.000000000
0.980000000 0.000000000 0.000000000
0.985000000 0.000000000 0.000000000
0.990000000 0.000000000 0.000000000
0.995000000 0.000000000 0.000000000
1.000000000 0.000000000 0.000000000

8 1
201
0.000000000 1.000000000 1.000000000
0.005000000 1.000000000 1.000000000
0.010000000 1.000000000 1.000000000
0.015000000 1.000000000 1.000000000
0.020000000 1.000000000 1.000000000
0.025000000 1.000000000 1.000000000
0.030000000 1.000000000 1.000000000
0.035000000 1.000000000 1.000000000
0.040000000 1.000000000 1.000000000
0.045000000 1.000000000 1.000000000
0.050000000 1.000000000 1.000000000
0.055000000 1.000000000 1.000000000
0.060000000 1.000000000 1.000000000
0.065000000 1.000000000 1.000000000
0.070000000 1.000000000 1.000000000
0.075000000 1.000000000 1.000000000
0.080000000 1.000000000 1.000000000
0.085000000 1.000000000 1.000000000
0.090000000 1.000000000 1.000000000
0.095000000 1.000000000 1.000000000
0.100000000 1.000000000 1.000000000
0.105000000 1.000000000 1.000000000
0.110000000 1.000000000 1.000000000
0.115000000 1.000000000 0.999999999
0.120000000 1.000000000 0.999999997
0.125000000 1.000000000 0.999999984
0.130000000 1.000000000 0.999999930
0.135000000 1.000000000 0.999999720
0.140000000 1.000000000 0.999998981
0.145000000 1.000000000 0.999996609
0.150000000 1.000000000 0.999989601
0.155000000 1.000000000 0.999970479
0.160000000 1.000000000 0.999922060
0.165000000 1.000000000 0.999807809
0.170000000 1.000000000 0.999555647
0.175000000 1.000000000 0.999033301
0.180000000 1.000000000 0.998014602
0.185000000 1.000000000 0.996138816
0.190000000 1.000000000 0.992869143
0.195000000 0.999500000 0.987460955
0.200000000 1.000000000 0.978953768
0.205000000 1.000000000 0.966201369
0.210000000 1.000000000 0.947950364
0.215000000 0.999500000 0.922968391
0.220000000 0.999000000 0.890210821
0.225000000 0.997000000 0.849001944
0.230000000 0.999000000 0.799197676
0.235000000 0.996000000 0.741294964
0.240000000 0.991000000 0.676460105
0.245000000 0.986500000 0.606462964
0.250000000 0.987500000 0.533522982
0.255000000 0.976000000 0.460090955
0.260000000 0.969500000 0.388603075
0.265000000 0.959500000 0.321247648
0.270000000 0.948000000 0.259779826
0.275000000 0.917500000 0.205407594
0.280000000 0.914000000 0.158756863
0.285000000 0.884000000 0.119908767
0.290000000 0.855500000 0.088491346
0.295000000 0.830500000 0.063802378
0.300000000 0.774500000 0.044940157
0.305000000 0.743000000 0.030923300
0.310000000 0.724000000 0.020787165
0.315000000 0.663000000 0.013651400
0.320000000 0.634000000 0.008758973
0.325000000 0.561500000 0.005490980
0.330000000 0.523500000 0.003363543
0.335000000 0.483000000 0.002013382
0.340000000 0.436000000 0.001177796
0.345000000 0.397000000 0.000673380
0.350000000 0.340000000 0.000376295
0.355000000 0.291500000 0.000205543
0.360000000 0.264000000 0.000109751
0.365000000 0.238000000 0.000057289
0.370000000 0.199500000 0.000029236
0.375000000 0.174500000 0.000014586
0.380000000 0.147500000 0.000007115
0.385000000 0.128500000 0.000003394
0.390000000 0.102500000 0.000001582
0.395000000 0.080000000 0.000000722
0.400000000 0.076000000 0.000000322
0.405000000 0.060000000 0.000000140
0.410000000 0.048000000 0.000000060
0.415000000 0.036000000 0.000000025
0.420000000 0.038000000 0.000000010
0.425000000 0.024500000 0.000000004
0.430000000 0.022000000 0.000000002
0.435000000 0.022500000 0.000000001
0.440000000 0.015500000 0.000000000
0.445000000 0.014000000 0.000000000
0.450000000 0.010500000 0.000000000
0.455000000 0.011000000 0.000000000
0.460000000 0.006500000 0.000000000
0.465000000 0.006000000 0.000000000
0.470000000 0.003000000 0.000000000
0.475000000 0.003500000 0.000000000
0.480000000 0.002000000 0.000000000
0.485000000 0.002500000 0.000000000
0.490000000 0.001000000 0.000000000
0.495000000 0.001500000 0.000000000
0.500000000 0.001500000 0.000000000
0.505000000 0.002000000 0.000000000
0.510000000 0.000500000 0.000000000
0.515000000 0.002000000 0.000000000
0.520000000 0.001000000 0.000000000
0.525000000 0.000000000 0.000000000
0.530000000 0.000500000 0.000000000
0.535000000 0.000500000 0.000000000
0.540000000 0.000500000 0.000000000
0.545000000 0.000500000 0.000000000
0.550000000 0.000000000 0.000000000
0.555000000 0.000500000 0.000000000
0.560000000 0.000000000 0.000000000
0.565000000 0.000000000 0.000000000
0.570000000 0.000000000 0.000000000
0.575000000 0.000000000 0.000000000
0.580000000 0.000000000 0.000000000
0.585000000 0.000000000 0.000000000
0.590000000 0.000000000 0.000000000
0.595000000 0.000000000 0.000000000
0.600000000 0.000000000 0.000000000
0.605000000 0.000000000 0.000000000
0.610000000 0.000000000 0.000000000
0.615000000 0.000000000 0.000000000
0.620000000 0.000000000 0.000000000
0.625000000 0.000000000 0.000000000
0.630000000 0.000000000 0.000000000
0.635000000 0.000000000 0.000000000
0.640000000 0.000000000 0.000000000
0.645000000 0.000000000 0.000000000
0.650000000 0.000000000 0.000000000
0.655000000 0.000000000 0.000000000
0.660000000 0.000000000 0.000000000
0.665000000 0.000000000 0.000000000
0.670000000 0.000000000 0.000000000
0.675000000 0.000000000 0.000000000
0.680000000 0.000000000 0.000000000
0.685000000 0.000000000 0.000000000
0.690000000 0.000000000 0.000000000
0.695000000 0.000000000 0.000000000
0.700000000 0.000000000 0.000000000
0.705000000 0.000000000 0.000000000
0.710000000 0.000000000 0.000000000
0.715000000 0.000000000 0.000000000
0.720000000 0.000000000 0.000000000
0.725000000 0.000000000 0.000000000
0.730000000 0.000000000 0.000000000
0.735000000 0.000000000 0.000000000
0.740000000 0.000000000 0.000000000
0.745000000 0.000000000 0.000000000
0.750000000 0.000000000 0.000000000
0.755000000 0.000000000 0.000000000
0.760000000 0.000000000 0.000000000
0.765000000 0.000000000 0.000000000
0.770000000 0.000000000 0.000000000
0.775000000 0.000000000 0.000000000
0.780000000 0.000000000 0.000000000
0.785000000 0.000000000 0.000000000
0.790000000 0.000000000 0.000000000
0.795000000 0.000000000 0.000000000
0.800000000 0.000000000 0.000000000
0.805000000 0.000000000 0.000000000
0.810000000 0.000000000 0.000000000
0.815000000 0.000000000 0.000000000
0.820000000 0.000000000 0.000000000
0.825000000 0.000000000 0.000000000
0.830000000 0.000000000 0.000000000
0.835000000 0.000000000 0.000000000
0.840000000 0.000000000 0.000000000
0.845000000 0.000000000 0.000000000
0.850000000 0.000000000 0.000000000
0.855000000 0.000000000 0.000000000
0.860000000 0.000000000 0.000000000
0.865000000 0.000000000 0.000000000
0.870000000 0.000000000 0.000000000
0.875000000 0.000000000 0.000000000
0.880000000 0.000000000 0.000000000
0.885000000 0.000000000 0.000000000
0.890000000 0.000000000 0.000000000
0.895000000 0.000000000 0.000000000
0.900000000 0.000000000 0.000000000
0.905000000 0.000000000 0.000000000
0.910000000 0.000000000 0.000000000
0.915000000 0.000000000 0.000000000
0.920000000 0.000000000 0.000000000
0.925000000 0.000000000 0.000000000
0.930000000 0.000000000 0.000000000
0.935000000 0.000000000 0.000000000
0.940000000 0.000000000 0.000000000
0.945000000 0.000000000 0.000000000
0.950000000 0.000000000 0.000000000
0.955000000 0.000000000 0.000000000
0.960000000 0.000000000 0.000000000
0.965000000 0.000000000 0.000000000
0.970000000 0.000000000 0.000000000
0.975000000 0.000000000 0.000000000
0.980000000 0.000000000 0.000000000
0.985000000 0.000000000 0.000000000
0.990000000 0.000000000 0.000000000
0.995000000 0.000000000 0.000000000
1.000000000 0.000000000 0.000000000

8 2
201
0.000000000 1.000000000 1.000000000
0.005000000 1.000000000 1.000000000
0.010000000 1.000000000 1.000000000
0.015000000 1.000000000 1.000000000
0.020000000 1.000000000 1.000000000
0.025000000 1.000000000 1.000000000
0.030000000 1.000000000 1.000000000
0.035000000 1.000000000 1.000000000
0.040000000 1.000000000 0.999999996
0.045000000 1.000000000 0.999999929
0.050000000 1.000000000 0.999999249
0.055000000 1.000000000 0.999994323
0.060000000 1.000000000 0.999967460
0.065000000 1.000000000 0.999852191
0.070000000 1.000000000 0.999449317
0.075000000 1.000000000 0.998270437
0.080000000 0.999500000 0.995317644
0.085000000 0.999500000 0.988871060
0.090000000 0.997500000 0.976418038
0.095000000 0.997000000 0.954864425
0.100000000 0.993500000 0.921083515
0.105000000 0.985500000 0.872704980
0.110000000 0.982000000 0.808903118
0.115000000 0.972000000 0.730897489
0.120000000 0.942000000 0.641964197
0.125000000 0.920000000 0.546933150
0.130000000 0.905000000 0.451328497
0.135000000 0.851000000 0.360415147
0.140000000 0.814000000 0.278410159
0.145000000 0.777000000 0.208025331
0.150000000 0.711000000 0.150380263
0.155000000 0.644000000 0.105217293
0.160000000 0.564000000 0.071291992
0.165000000 0.499500000 0.046808489
0.170000000 0.445000000 0.029801193
0.175000000 0.375500000 0.018410833
0.180000000 0.297500000 0.011044656
0.185000000 0.271000000 0.006438352
0.190000000 0.204500000 0.003649543
0.195000000 0.167500000 0.002012939
0.200000000 0.135000000 0.001081002
0.205000000 0.111500000 0.000565573
0.210000000 0.081000000 0.000288446
0.215000000 0.057500000 0.000143480
0.220000000 0.041000000 0.000069644
0.225000000 0.035500000 0.000033003
0.230000000 0.019000000 0.000015276
0.235000000 0.018000000 0.000006909
0.240000000 0.015000000 0.000003054
0.245000000 0.006000000 0.000001320
0.250000000 0.006000000 0.000000558
0.255000000 0.003000000 0.000000231
0.260000000 0.001500000 0.000000094
0.265000000 0.003500000 0.000000037
0.270000000 0.002500000 0.000000014
0.275000000 0.000500000 0.000000005
0.280000000 0.000500000 0.000000002
0.285000000 0.000000000 0.000000001
0.290000000 0.000000000 0.000000000
0.295000000 0.000500000 0.000000000
0.300000000 0.000000000 0.000000000
0.305000000 0.000000000 0.000000000
0.310000000 0.000000000 0.000000000
0.315000000 0.000500000 0.000000000
0.320000000 0.000000000 0.000000000
0.325000000 0.000000000 0.000000000
0.330000000 0.000500000 0.000000000
0.335000000 0.000500000 0.000000000
0.340000000 0.000000000 0.000000000
0.345000000 0.000000000 0.000000000
0.350000000 0.000000000 0.000000000
0.355000000 0.000000000 0.000000000
0.360000000 0.000000000 0.000000000
0.365000000 0.000000000 0.000000000
0.370000000 0.000000000 0.000000000
0.375000000 0.000000000 0.000000000
0.380000000 0.000000000 0.000000000
0.385000000 0.000000000 0.000000000
0.390000000 0.000000000 0.000000000
0.395000000 0.000000000 0.000000000
0.400000000 0.000000000 0.000000000
0.405000000 0.000000000 0.000000000
0.410000000 0.000000000 0.000000000
0.415000000 0.000000000 0.000000000
0.420000000 0.000000000 0.000000000
0.425000000 0.000000000 0.000000000
0.430000000 0.000000000 0.000000000
0.435000000 0.000000000 0.000000000
0.440000000 0.000000000 0.000000000
0.445000000 0.000000000 0.000000000
0.450000000 0.000000000 0.000000000
0.455000000 0.000000000 0.000000000
0.460000000 0.000000000 0.000000000
0.465000000 0.000000000 0.000000000
0.470000000 0.000000000 0.000000000
0.475000000 0.000000000 0.000000000
0.480000000 0.000000000 0.000000000
0.485000000 0.000000000 0.000000000
0.490000000 0.000000000 0.000000000
0.495000000 0.000000000 0.000000000
0.500000000 0.000000000 0.000000000
0.505000000 0.000000000 0.000000000
0.510000000 0.000000000 0.000000000
0.515000000 0.000000000 0.000000000
0.520000000 0.000000000 0.000000000
0.525000000 0.000000000 0.000000000
0.530000000 0.000000000 0.000000000
0.535000000 0.000000000 0.000000000
0.540000000 0.000000000 0.000000000
0.545000000 0.000000000 0.000000000
0.550000000 0.000000000 0.000000000
0.555000000 0.000000000 0.000000000
0.560000000 0.000000000 0.000000000
0.565000000 0.000000000 0.000000000
0.570000000 0.000000000 0.000000000
0.575000000 0.000000000 0.000000000
0.580000000 0.000000000 0.000000000
0.585000000 0.000000000 0.000000000
0.590000000 0.000000000 0.000000000
0.595000000 0.000000000 0.000000000
0.600000000 0.000000000 0.000000000
0.605000000 0.000000000 0.000000000
0.610000000 0.000000000 0.000000000
0.615000000 0.000000000 0.000000000
0.620000000 0.000000000 0.000000000
0.625000000 0.000000000 0.000000000
0.630000000 0.000000000 0.000000000
0.635000000 0.000000000 0.000000000
0.640000000 0.000000000 0.000000000
0.645000000 0.000000000 0.000000000
0.650000000 0.000000000 0.000000000
0.655000000 0.000000000 0.000000000
0.660000000 0.000000000 0.000000000
0.665000000 0.000000000 0.000000000
0.670000000 0.000000000 0.000000000
0.675000000 0.000000000 0.000000000
0.680000000 0.000000000 0.000000000
0.685000000 0.000000000 0.000000000
0.690000000 0.000000000 0.000000000
0.695000000 0.000000000 0.000000000
0.700000000 0.000000000 0.000000000
0.705000000 0.000000000 0.000000000
0.710000000 0.000000000 0.000000000
0.715000000 0.000000000 0.000000000
0.720000000 0.000000000 0.000000000
0.725000000 0.000000000 0.000000000
0.730000000 0.000000000 0.000000000
0.735000000 0.000000000 0.000000000
0.740000000 0.000000000 0.000000000
0.745000000 0.000000000 0.000000000
0.750000000 0.000000000 0.000000000
0.755000000 0.000000000 0.000000000
0.760000000 0.000000000 0.000000000
0.765000000 0.000000000 0.000000000
0.770000000 0.000000000 0.000000000
0.775000000 0.000000000 0.000000000
0.780000000 0.000000000 0.000000000
0.785000000 0.000000000 0.000000000
0.790000000 0.000000000 0.000000000
0.795000000 0.000000000 0.000000000
0.800000000 0.000000000 0.000000000
0.805000000 0.000000000 0.000000000
0.810000000 0.000000000 0.000000000
0.815000000 0.000000000 0.000000000
0.820000000 0.000000000 0.000000000
0.825000000 0.000000000 0.000000000
0.830000000 0.000000000 0.000000000
0.835000000 0.000000000 0.000000000
0.840000000 0.000000000 0.000000000
0.845000000 0.000000000 0.000000000
0.850000000 0.000000000 0.000000000
0.855000000 0.000000000 0.000000000
0.860000000 0.000000000 0.000000000
0.865000000 0.000000000 0.000000000
0.870000000 0.000000000 0.000000000
0.875000000 0.000000000 0.000000000
0.880000000 0.000000000 0.000000000
0.885000000 0.000000000 0.000000000
0.890000000 0.000000000 0.000000000
0.895000000 0.000000000 0.000000000
0.900000000 0.000000000 0.000000000
0.905000000 0.000000000 0.000000000
0.910000000 0.000000000 0.000000000
0.915000000 0.000000000 0.000000000
0.920000000 0.000000000 0.000000000
0.925000000 0.000000000 0.000000000
0.930000000 0.000000000 0.000000000
0.935000000 0.000000000 0.000000000
0.940000000 0.000000000 0.000000000
0.945000000 0.000000000 0.000000000
0.950000000 0.000000000 0.000000000
0.955000000 0.000000000 0.000000000
0.960000000 0.000000000 0.000000000
0.965000000 0.000000000 0.000000000
0.970000000 0.000000000 0.000000000
0.975000000 0.000000000 0.000000000
0.980000000 0.000000000 0.000000000
0.985000000 0.000000000 0.000000000
0.990000000 0.000000000 0.000000000
0.995000000 0.000000000 0.000000000
1.000000000 0.000000000 0.000000000

8 3
201
0.000000000 1.000000000 1.000000000
0.005000000 1.000000000 1.000000000
0.010000000 1.000000000 0.999999999
0.015000000 1.000000000 0.999999527
0.020000000 1.000000000 0.999979683
0.025000000 1.000000000 0.999708107
0.030000000 0.999500000 0.997899806
0.035000000 0.991500000 0.990604546
0.040000000 0.981500000 0.970241664
0.045000000 0.944000000 0.927377195
0.050000000 0.891000000 0.855195665
0.055000000 0.817000000 0.753786778
0.060000000 0.708500000 0.631187572
0.065000000 0.591500000 0.500621416
0.070000000 0.500500000 0.375889813
0.075000000 0.400500000 0.267462965
0.080000000 0.282500000 0.180707861
0.085000000 0.208500000 0.116215688
0.090000000 0.158500000 0.071329218
0.095000000 0.100500000 0.041891394
0.100000000 0.067500000 0.023601064
0.105000000 0.036000000 0.012785425
0.110000000 0.020500000 0.006674611
0.115000000 0.016000000 0.003364614
0.120000000 0.010500000 0.001640731
0.125000000 0.005500000 0.000775271
0.130000000 0.003000000 0.000355500
0.135000000 0.000500000 0.000158411
0.140000000 0.001000000 0.000068680
0.145000000 0.000500000 0.000029004
0.150000000 0.000500000 0.000011943
0.155000000 0.000000000 0.000004800
0.160000000 0.000000000 0.000001884
0.165000000 0.000000000 0.000000723
0.170000000 0.000000000 0.000000271
0.175000000 0.000000000 0.000000100
0.180000000 0.000000000 0.000000036
0.185000000 0.000000000 0.000000013
0.190000000 0.000000000 0.000000004
0.195000000 0.000000000 0.000000001
0.200000000 0.000000000 0.000000000
0.205000000 0.000000000 0.000000000
0.210000000 0.000000000 0.000000000
0.215000000 0.000000000 0.000000000
0.220000000 0.000000000 0.000000000
0.225000000 0.000000000 0.000000000
0.230000000 0.000000000 0.000000000
0.235000000 0.000000000 0.000000000
0.240000000 0.000000000 0.000000000
0.245000000 0.000000000 0.000000000
0.250000000 0.000000000 0.000000000
0.255000000 0.000000000 0.000000000
0.260000000 0.000000000 0.000000000
0.265000000 0.000000000 0.000000000
0.270000000 0.000000000 0.000000000
0.275000000 0.000000000 0.000000000
0.280000000 0.000000000 0.000000000
0.285000000 0.000000000 0.000000000
0.290000000 0.000000000 0.000000000
0.295000000 0.000000000 0.000000000
0.300000000 0.000000000 0.000000000
0.305000000 0.000000000 0.000000000
0.310000000 0.000000000 0.000000000
0.315000000 0.000000000 0.000000000
0.320000000 0.000000000 0.000000000
0.325000000 0.000000000 0.000000000
0.330000000 0.000000000 0.000000000
0.335000000 0.000000000 0.000000000
0.340000000 0.000000000 0.000000000
0.345000000 0.000000000 0.000000000
0.350000000 0.000000000 0.000000000
0.355000000 0.000000000 0.000000000
0.360000000 0.000000000 0.000000000
0.365000000 0.000000000 0.000000000
0.370000000 0.000000000 0.000000000
0.375000000 0.000000000 0.000000000
0.380000000 0.000000000 0.000000000
0.385000000 0.000000000 0.000000000
0.390000000 0.000000000 0.000000000
0.395000000 0.000000000 0.000000000
0.400000000 0.000000000 0.000000000
0.405000000 0.000000000 0.000000000
0.410000000 0.000000000 0.000000000
0.415000000 0.000000000 0.000000000
0.420000000 0.000000000 0.000000000
0.425000000 0.000000000 0.000000000
0.430000000 0.000000000 0.000000000
0.435000000 0.000000000 0.000000000
0.440000000 0.000000000 0.000000000
0.445000000 0.000000000 0.000000000
0.450000000 0.000000000 0.000000000
0.455000000 0.000000000 0.000000000
0.460000000 0.000000000 0.000000000
0.465000000 0.000000000 0.000000000
0.470000000 0.000000000 0.000000000
0.475000000 0.000000000 0.000000000
0.480000000 0.000000000 0.000000000
0.485000000 0.000000000 0.000000000
0.490000000 0.000000000 0.000000000
0.495000000 0.000000000 0.000000000
0.500000000 0.000000000 0.000000000
0.505000000 0.000000000 0.000000000
0.510000000 0.000000000 0.000000000
0.515000000 0.000000000 0.000000000
0.520000000 0.000000000 0.000000000
0.525000000 0.000000000 0.000000000
0.530000000 0.000000000 0.000000000
0.535000000 0.000000000 0.000000000
0.540000000 0.000000000 0.000000000
0.545000000 0.000000000 0.000000000
0.550000000 0.000000000 0.000000000
0.555000000 0.000000000 0.000000000
0.560000000 0.000000000 0.000000000
0.565000000 0.000000000 0.000000000
0.570000000 0.000000000 0.000000000
0.575000000 0.000000000 0.000000000
0.580000000 0.000000000 0.000000000
0.585000000 0.000000000 0.000000000
0.590000000 0.000000000 0.000000000
0.595000000 0.000000000 0.000000000
0.600000000 0.000000000 0.000000000
0.605000000 0.000000000 0.000000000
0.610000000 0.000000000 0.000000000
0.615000000 0.000000000 0.000000000
0.620000000 0.000000000 0.000000000
0.625000000 0.000000000 0.000000000
0.630000000 0.000000000 0.000000000
0.635000000 0.000000000 0.000000000
0.640000000 0.000000000 0.000000000
0.645000000 0.000000000 0.000000000
0.650000000 0.000000000 0.000000000
0.655000000 0.000000000 0.000000000
0.660000000 0.000000000 0.000000000
0.665000000 0.000000000 0.000000000
0.670000000 0.000000000 0.000000000
0.675000000 0.000000000 0.000000000
0.680000000 0.000000000 0.000000000
0.685000000 0.000000000 0.000000000
0.690000000 0.000000000 0.000000000
0.695000000 0.000000000 0.000000000
0.700000000 0.000000000 0.000000000
0.705000000 0.000000000 0.000000000
0.710000000 0.000000000 0.000000000
0.715000000 0.000000000 0.000000000
0.720000000 0.000000000 0.000000000
0.725000000 0.000000000 0.000000000
0.730000000 0.000000000 0.000000000
0.735000000 0.000000000 0.000000000
0.740000000 0.000000000 0.000000000
0.745000000 0.000000000 0.000000000
0.750000000 0.000000000 0.000000000
0.755000000 0.000000000 0.000000000
0.760000000 0.000000000 0.000000000
0.765000000 0.000000000 0.000000000
0.770000000 0.000000000 0.000000000
0.775000000 0.000000000 0.000000000
0.780000000 0.000000000 0.000000000
0.785000000 0.000000000 0.000000000
0.790000000 0.000000000 0.000000000
0.795000000 0.000000000 0.000000000
0.800000000 0.000000000 0.000000000
0.805000000 0.000000000 0.000000000
0.810000000 0.000000000 0.000000000
0.815000000 0.000000000 0.000000000
0.820000000 0.000000000 0.000000000
0.825000000 0.000000000 0.000000000
0.830000000 0.000000000 0.000000000
0.835000000 0.000000000 0.000000000
0.840000000 0.000000000 0.000000000
0.845000000 0.000000000 0.000000000
0.850000000 0.000000000 0.000000000
0.855000000 0.000000000 0.000000000
0.860000000 0.000000000 0.000000000
0.865000000 0.000000000 0.000000000
0.870000000 0.000000000 0.000000000
0.875000000 0.000000000 0.000000000
0.880000000 0.000000000 0.000000000
0.885000000 0.000000000 0.000000000
0.890000000 0.000000000 0.000000000
0.895000000 0.000000000 0.000000000
0.900000000 0.000000000 0.000000000
0.905000000 0.000000000 0.000000000
0.910000000 0.000000000 0.000000000
0.915000000 0.000000000 0.000000000
0.920000000 0.000000000 0.000000000
0.925000000 0.000000000 0.000000000
0.930000000 0.000000000 0.000000000
0.935000000 0.000000000 0.000000000
0.940000000 0.000000000 0.000000000
0.945000000 0.000000000 0.000000000
0.950000000 0.000000000 0.000000000
0.955000000 0.000000000 0.000000000
0.960000000 0.000000000 0.000000000
0.965000000 0.000000000 0.000000000
0.970000000 0.000000000 0.000000000
0.975000000 0.000000000 0.000000000
0.980000000 0.000000000 0.000000000
0.985000000 0.000000000 0.000000000
0.990000000 0.000000000 0.000000000
0.995000000 0.000000000 0.000000000
1.000000000 0.000000000 0.000000000

8 4
201
0.000000000 1.000000000 1.000000000
0.005000000 1.000000000 0.999992715
0.010000000 0.996000000 0.998755055
0.015000000 0.973000000 0.983812889
0.020000000 0.869500000 0.925825712
0.025000000 0.707500000 0.805682052
0.030000000 0.530000000 0.637810140
0.035000000 0.373000000 0.458666441
0.040000000 0.222500000 0.301548206
0.045000000 0.131000000 0.182890205
0.050000000 0.074000000 0.103267803
0.055000000 0.041500000 0.054735930
0.060000000 0.015000000 0.027429630
0.065000000 0.009000000 0.013075031
0.070000000 0.004000000 0.005958832
0.075000000 0.003000000 0.002607621
0.080000000 0.000500000 0.001099689
0.085000000 0.000000000 0.000448306
0.090000000 0.000500000 0.000177132
0.095000000 0.000000000 0.000067984
0.100000000 0.000000000 0.000025395
0.105000000 0.000000000 0.000009248
0.110000000 0.000000000 0.000003288
0.115000000 0.000000000 0.000001143
0.120000000 0.000000000 0.000000389
0.125000000 0.000000000 0.000000129
0.130000000 0.000000000 0.000000042
0.135000000 0.000000000 0.000000014
0.140000000 0.000000000 0.000000004
0.145000000 0.000000000 0.000000001
0.150000000 0.000000000 0.000000000
0.155000000 0.000000000 0.000000000
0.160000000 0.000000000 0.000000000
0.165000000 0.000000000 0.000000000
0.170000000 0.000000000 0.000000000
0.175000000 0.000000000 0.000000000
0.180000000 0.000000000 0.000000000
0.185000000 0.000000000 0.000000000
0.190000000 0.000000000 0.000000000
0.195000000 0.000000000 0.000000000
0.200000000 0.000000000 0.000000000
0.205000000 0.000000000 0.000000000
0.210000000 0.000000000 0.000000000
0.215000000 0.000000000 0.000000000
0.220000000 0.000000000 0.000000000
0.225000000 0.000000000 0.000000000
0.230000000 0.000000000 0.000000000
0.235000000 0.000000000 0.000000000
0.240000000 0.000000000 0.000000000
0.245000000 0.000000000 0.000000000
0.250000000 0.000000000 0.000000000
0.255000000 0.000000000 0.000000000
0.260000000 0.000000000 0.000000000
0.265000000 0.000000000 0.000000000
0.270000000 0.000000000 0.000000000
0.275000000 0.000000000 0.000000000
0.280000000 0.000000000 0.000000000
0.285000000 0.000000000 0.000000000
0.290000000 0.000000000 0.000000000
0.295000000 0.000000000 0.000000000
0.300000000 0.000000000 0.000000000
0.305000000 0.000000000 0.000000000
0.310000000 0.000000000 0.000000000
0.315000000 0.000000000 0.000000000
0.320000000 0.000000000 0.000000000
0.325000000 0.000000000 0.000000000
0.330000000 0.000000000 0.000000000
0.335000000 0.000000000 0.000000000
0.340000000 0.000000000 0.000000000
0.345000000 0.000000000 0.000000000
0.350000000 0.000000000 0.000000000
0.355000000 0.000000000 0.000000000
0.360000000 0.000000000 0.000000000
0.365000000 0.000000000 0.000000000
0.370000000 0.000000000 0.000000000
0.375000000 0.000000000 0.000000000
0.380000000 0.000000000 0.000000000
0.385000000 0.000000000 0.000000000
0.390000000 0.000000000 0.000000000
0.395000000 0.000000000 0.000000000
0.400000000 0.000000000 0.000000000
0.405000000 0.000000000 0.000000000
0.410000000 0.000000000 0.000000000
0.415000000 0.000000000 0.000000000
0.420000000 0.000000000 0.000000000
0.425000000 0.000000000 0.000000000
0.430000000 0.000000000 0.000000000
0.435000000 0.000000000 0.000000000
0.440000000 0.000000000 0.000000000
0.445000000 0.000000000 0.000000000
0.450000000 0.000000000 0.000000000
0.455000000 0.000000000 0.000000000
0.460000000 0.000000000 0.000000000
0.465000000 0.000000000 0.000000000
0.470000000 0.000000000 0.000000000
0.475000000 0.000000000 0.000000000
0.480000000 0.000000000 0.000000000
0.485000000 0.000000000 0.000000000
0.490000000 0.000000000 0.000000000
0.495000000 0.000000000 0.000000000
0.500000000 0.000000000 0.000000000
0.505000000 0.000000000 0.000000000
0.510000000 0.000000000 0.000000000
0.515000000 0.000000000 0.000000000
0.520000000 0.000000000 0.000000000
0.525000000 0.000000000 0.000000000
0.530000000 0.000000000 0.000000000
0.535000000 0.000000000 0.000000000
0.540000000 0.000000000 0.000000000
0.545000000 0.000000000 0.000000000
0.550000000 0.000000000 0.000000000
0.555000000 0.000000000 0.000000000
0.560000000 0.000000000 0.000000000
0.565000000 0.000000000 0.000000000
0.570000000 0.000000000 0.000000000
0.575000000 0.000000000 0.000000000
0.580000000 0.000000000 0.000000000
0.585000000 0.000000000 0.000000000
0.590000000 0.000000000 0.000000000
0.595000000 0.000000000 0.000000000
0.600000000 0.000000000 0.000000000
0.605000000 0.000000000 0.000000000
0.610000000 0.000000000 0.000000000
0.615000000 0.000000000 0.000000000
0.620000000 0.000000000 0.000000000
0.625000000 0.000000000 0.000000000
0.630000000 0.000000000 0.000000000
0.635000000 0.000000000 0.000000000
0.640000000 0.000000000 0.000000000
0.645000000 0.000000000 0.000000000
0.650000000 0.000000000 0.000000000
0.655000000 0.000000000 0.000000000
0.660000000 0.000000000 0.000000000
0.665000000 0.000000000 0.000000000
0.670000000 0.000000000 0.000000000
0.675000000 0.000000000 0.000000000
0.680000000 0.000000000 0.000000000
0.685000000 0.000000000 0.000000000
0.690000000 0.000000000 0.000000000
0.695000000 0.000000000 0.000000000
0.700000000 0.000000000 0.000000000
0.705000000 0.000000000 0.000000000
0.710000000 0.000000000 0.000000000
0.715000000 0.000000000 0.000000000
0.720000000 0.000000000 0.000000000
0.725000000 0.000000000 0.000000000
0.730000000 0.000000000 0.000000000
0.735000000 0.000000000 0.000000000
0.740000000 0.000000000 0.000000000
0.745000000 0.000000000 0.000000000
0.750000000 0.000000000 0.000000000
0.755000000 0.000000000 0.000000000
0.760000000 0.000000000 0.000000000
0.765000000 0.000000000 0.000000000
0.770000000 0.000000000 0.000000000
0.775000000 0.000000000 0.000000000
0.780000000 0.000000000 0.000000000
0.785000000 0.000000000 0.000000000
0.790000000 0.000000000 0.000000000
0.795000000 0.000000000 0.000000000
0.800000000 0.000000000 0.000000000
0.805000000 0.000000000 0.000000000
0.810000000 0.000000000 0.000000000
0.815000000 0.000000000 0.000000000
0.820000000 0.000000000 0.000000000
0.825000000 0.000000000 0.000000000
0.830000000 0.000000000 0.000000000
0.835000000 0.000000000 0.000000000
0.840000000 0.000000000 0.000000000
0.845000000 0.000000000 0.000000000
0.850000000 0.000000000 0.000000000
0.855000000 0.000000000 0.000000000
0.860000000 0.000000000 0.000000000
0.865000000 0.000000000 0.000000000
0.870000000 0.000000000 0.000000000
0.875000000 0.000000000 0.000000000
0.880000000 0.000000000 0.000000000
0.885000000 0.000000000 0.000000000
0.890000000 0.000000000 0.000000000
0.895000000 0.000000000 0.000000000
0.900000000 0.000000000 0.000000000
0.905000000 0.000000000 0.000000000
0.910000000 0.000000000 0.000000000
0.915000000 0.000000000 0.000000000
0.920000000 0.000000000 0.000000000
0.925000000 0.000000000 0.000000000
0.930000000 0.000000000 0.000000000
0.935000000 0.000000000 0.000000000
0.940000000 0.000000000 0.000000000
0.945000000 0.000000000 0.000000000
0.950000000 0.000000000 0.000000000
0.955000000 0.000000000 0.000000000
0.960000000 0.000000000 0.000000000
0.965000000 0.000000000 0.000000000
0.970000000 0.000000000 0.000000000
0.975000000 0.000000000 0.000000000
0.980000000 0.000000000 0.000000000
0.985000000 0.000000000 0.000000000
0.990000000 0.000000000 0.000000000
0.995000000 0.000000000 0.000000000
1.000000000 0.000000000 0.000000000

8 5
201
0.000000000 1.000000000 1.000000000
0.005000000 0.957500000 0.990183343
0.010000000 0.738500000 0.884022833
0.015000000 0.464500000 0.660301834
0.020000000 0.250500000 0.417757692
0.025000000 0.128000000 0.231545736
0.030000000 0.047500000 0.115753897
0.035000000 0.025000000 0.053334449
0.040000000 0.011000000 0.023006286
0.045000000 0.003000000 0.009397481
0.050000000 0.002500000 0.003665974
0.055000000 0.000500000 0.001374594
0.060000000 0.000000000 0.000497880
0.065000000 0.000000000 0.000174878
0.070000000 0.000000000 0.000059752
0.075000000 0.000000000 0.000019910
0.080000000 0.000000000 0.000006483
0.085000000 0.000000000 0.000002066
0.090000000 0.000000000 0.000000646
0.095000000 0.000000000 0.000000198
0.100000000 0.000000000 0.000000060
0.105000000 0.000000000 0.000000018
0.110000000 0.000000000 0.000000005
0.115000000 0.000000000 0.000000001
0.120000000 0.000000000 0.000000000
0.125000000 0.000000000 0.000000000
0.130000000 0.000000000 0.000000000
0.135000000 0.000000000 0.000000000
0.140000000 0.000000000 0.000000000
0.145000000 0.000000000 0.000000000
0.150000000 0.000000000 0.000000000
0.155000000 0.000000000 0.000000000
0.160000000 0.000000000 0.000000000
0.165000000 0.000000000 0.000000000
0.170000000 0.000000000 0.000000000
0.175000000 0.000000000 0.000000000
0.180000000 0.000000000 0.000000000
0.185000000 0.000000000 0.000000000
0.190000000 0.000000000 0.000000000
0.195000000 0.000000000 0.000000000
0.200000000 0.000000000 0.000000000
0.205000000 0.000000000 0.000000000
0.210000000 0.000000000 0.000000000
0.215000000 0.000000000 0.000000000
0.220000000 0.000000000 0.000000000
0.225000000 0.000000000 0.000000000
0.230000000 0.000000000 0.000000000
0.235000000 0.000000000 0.000000000
0.240000000 0.000000000 0.000000000
0.245000000 0.000000000 0.000000000
0.250000000 0.000000000 0.000000000
0.255000000 0.000000000 0.000000000
0.260000000 0.000000000 0.000000000
0.265000000 0.000000000 0.000000000
0.270000000 0.000000000 0.000000000
0.275000000 0.000000000 0.000000000
0.280000000 0.000000000 0.000000000
0.285000000 0.000000000 0.000000000
0.290000000 0.000000000 0.000000000
0.295000000 0.000000000 0.000000000
0.300000000 0.000000000 0.000000000
0.305000000 0.000000000 0.000000000
0.310000000 0.000000000 0.000000000
0.315000000 0.000000000 0.000000000
0.320000000 0.000000000 0.000000000
0.325000000 0.000000000 0.000000000
0.330000000 0.000000000 0.000000000
0.335000000 0.000000000 0.000000000
0.340000000 0.000000000 0.000000000
0.345000000 0.000000000 0.000000000
0.350000000 0.000000000 0.000000000
0.355000000 0.000000000 0.000000000
0.360000000 0.000000000 0.000000000
0.365000000 0.000000000 0.000000000
0.370000000 0.000000000 0.000000000
0.375000000 0.000000000 0.000000000
0.380000000 0.000000000 0.000000000
0.385000000 0.000000000 0.000000000
0.390000000 0.000000000 0.000000000
0.395000000 0.000000000 0.000000000
0.400000000 0.000000000 0.000000000
0.405000000 0.000000000 0.000000000
0.410000000 0.000000000 0.000000000
0.415000000 0.000000000 0.000000000
0.420000000 0.000000000 0.000000000
0.425000000 0.000000000 0.000000000
0.430000000 0.000000000 0.000000000
0.435000000 0.000000000 0.000000000
0.440000000 0.000000000 0.000000000
0.445000000 0.000000000 0.000000000
0.450000000 0.000000000 0.000000000
0.455000000 0.000000000 0.000000000
0.460000000 0.000000000 0.000000000
0.465000000 0.000000000 0.000000000
0.470000000 0.000000000 0.000000000
0.475000000 0.000000000 0.000000000
0.480000000 0.000000000 0.000000000
0.485000000 0.000000000 0.000000000
0.490000000 0.000000000 0.000000000
0.495000000 0.000000000 0.000000000
0.500000000 0.000000000 0.000000000
0.505000000 0.000000000 0.000000000
0.510000000 0.000000000 0.000000000
0.515000000 0.000000000 0.000000000
0.520000000 0.000000000 0.000000000
0.525000000 0.000000000 0.000000000
0.530000000 0.000000000 0.000000000
0.535000000 0.000000000 0.000000000
0.540000000 0.000000000 0.000000000
0.545000000 0.000000000 0.000000000
0.550000000 0.000000000 0.000000000
0.555000000 0.000000000 0.000000000
0.560000000 0.000000000 0.000000000
0.565000000 0.000000000 0.000000000
0.570000000 0.000000000 0.000000000
0.575000000 0.000000000 0.000000000
0.580000000 0.000000000 0.000000000
0.585000000 0.000000000 0.000000000
0.590000000 0.000000000 0.000000000
0.595000000 0.000000000 0.000000000
0.600000000 0.000000000 0.000000000
0.605000000 0.000000000 0.000000000
0.610000000 0.000000000 0.000000000
0.615000000 0.000000000 0.000000000
0.620000000 0.000000000 0.000000000
0.625000000 0.000000000 0.000000000
0.630000000 0.000000000 0.000000000
0.635000000 0.000000000 0.000000000
0.640000000 0.000000000 0.000000000
0.645000000 0.000000000 0.000000000
0.650000000 0.000000000 0.000000000
0.655000000 0.000000000 0.000000000
0.660000000 0.000000000 0.000000000
0.665000000 0.000000000 0.000000000
0.670000000 0.000000000 0.000000000
0.675000000 0.000000000 0.000000000
0.680000000 0.000000000 0.000000000
0.685000000 0.000000000 0.000000000
0.690000000 0.000000000 0.000000000
0.695000000 0.000000000 0.000000000
0.700000000 0.000000000 0.000000000
0.705000000 0.000000000 0.000000000
0.710000000 0.000000000 0.000000000
0.715000000 0.000000000 0.000000000
0.720000000 0.000000000 0.000000000
0.725000000 0.000000000 0.000000000
0.730000000 0.000000000 0.000000000
0.735000000 0.000000000 0.000000000
0.740000000 0.000000000 0.000000000
0.745000000 0.000000000 0.000000000
0.750000000 0.000000000 0.000000000
0.755000000 0.000000000 0.000000000
0.760000000 0.000000000 0.000000000
0.765000000 0.000000000 0.000000000
0.770000000 0.000000000 0.000000000
0.775000000 0.000000000 0.000000000
0.780000000 0.000000000 0.000000000
0.785000000 0.000000000 0.000000000
0.790000000 0.000000000 0.000000000
0.795000000 0.000000000 0.000000000
0.800000000 0.000000000 0.000000000
0.805000000 0.000000000 0.000000000
0.810000000 0.000000000 0.000000000
0.815000000 0.000000000 0.000000000
0.820000000 0.000000000 0.000000000
0.825000000 0.000000000 0.000000000
0.830000000 0.000000000 0.000000000
0.835000000 0.000000000 0.000000000
0.840000000 0.000000000 0.000000000
0.845000000 0.000000000 0.000000000
0.850000000 0.000000000 0.000000000
0.855000000 0.000000000 0.000000000
0.860000000 0.000000000 0.000000000
0.865000000 0.000000000 0.000000000
0.870000000 0.000000000 0.000000000
0.875000000 0.000000000 0.000000000
0.880000000 0.000000000 0.000000000
0.885000000 0.000000000 0.000000000
0.890000000 0.000000000 0.000000000
0.895000000 0.000000000 0.000000000
0.900000000 0.000000000 0.000000000
0.905000000 0.000000000 0.000000000
0.910000000 0.000000000 0.000000000
0.915000000 0.000000000 0.000000000
0.920000000 0.000000000 0.000000000
0.925000000 0.000000000 0.000000000
0.930000000 0.000000000 0.000000000
0.935000000 0.000000000 0.000000000
0.940000000 0.000000000 0.000000000
0.945000000 0.000000000 0.000000000
0.950000000 0.000000000 0.000000000
0.955000000 0.000000000 0.000000000
0.960000000 0.000000000 0.000000000
0.965000000 0.000000000 0.000000000
0.970000000 0.000000000 0.000000000
0.975000000 0.000000000 0.000000000
0.980000000 0.000000000 0.000000000
0.985000000 0.000000000 0.000000000
0.990000000 0.000000000 0.000000000
0.995000000 0.000000000 0.000000000
1.000000000 0.000000000 0.000000000

8 6
201
0.000000000 1.000000000 1.000000000
0.005000000 0.625500000 0.862105361
0.010000000 0.266000000 0.527804426
0.015000000 0.106500000 0.260295562
0.020000000 0.035000000 0.112448403
0.025000000 0.005500000 0.044456363
0.030000000 0.004500000 0.016486454
0.035000000 0.001000000 0.005822146
0.040000000 0.000500000 0.001977280
0.045000000 0.000000000 0.000650137
0.050000000 0.000000000 0.000207957
0.055000000 0.000000000 0.000064939
0.060000000 0.000000000 0.000019850
0.065000000 0.000000000 0.000005951
0.070000000 0.000000000 0.000001753
0.075000000 0.000000000 0.000000508
0.080000000 0.000000000 0.000000145
0.085000000 0.000000000 0.000000041
0.090000000 0.000000000 0.000000011
0.095000000 0.000000000 0.000000003
0.100000000 0.000000000 0.000000001
0.105000000 0.000000000 0.000000000
0.110000000 0.000000000 0.000000000
0.115000000 0.000000000 0.000000000
0.120000000 0.000000000 0.000000000
0.125000000 0.000000000 0.000000000
0.130000000 0.000000000 0.000000000
0.135000000 0.000000000 0.000000000
0.140000000 0.000000000 0.000000000
0.145000000 0.000000000 0.000000000
0.150000000 0.000000000 0.000000000
0.155000000 0.000000000 0.000000000
0.160000000 0.000000000 0.000000000
0.165000000 0.000000000 0.000000000
0.170000000 0.000000000 0.000000000
0.175000000 0.000000000 0.000000000
0.180000000 0.000000000 0.000000000
0.185000000 0.000000000 0.000000000
0.190000000 0.000000000 0.000000000
0.195000000 0.000000000 0.000000000
0.200000000 0.000000000 0.000000000
0.205000000 0.000000000 0.000000000
0.210000000 0.000000000 0.000000000
0.215000000 0.000000000 0.000000000
0.220000000 0.000000000 0.000000000
0.225000000 0.000000000 0.000000000
0.230000000 0.000000000 0.000000000
0.235000000 0.000000000 0.000000000
0.240000000 0.000000000 0.000000000
0.245000000 0.000000000 0.000000000
0.250000000 0.000000000 0.000000000
0.255000000 0.000000000 0.000000000
0.260000000 0.000000000 0.000000000
0.265000000 0.000000000 0.000000000
0.270000000 0.000000000 0.000000000
0.275000000 0.000000000 0.000000000
0.280000000 0.000000000 0.000000000
0.285000000 0.000000000 0.000000000
0.290000000 0.000000000 0.000000000
0.295000000 0.000000000 0.000000000
0.300000000 0.000000000 0.000000000
0.305000000 0.000000000 0.000000000
0.310000000 0.000000000 0.000000000
0.315000000 0.000000000 0.000000000
0.320000000 0.000000000 0.000000000
0.325000000 0.000000000 0.000000000
0.330000000 0.000000000 0.000000000
0.335000000 0.000000000 0.000000000
0.340000000 0.000000000 0.000000000
0.345000000 0.000000000 0.000000000
0.350000000 0.000000000 0.000000000
0.355000000 0.000000000 0.000000000
0.360000000 0.000000000 0.000000000
0.365000000 0.000000000 0.000000000
0.370000000 0.000000000 0.000000000
0.375000000 0.000000000 0.000000000
0.380000000 0.000000000 0.000000000
0.385000000 0.000000000 0.000000000
0.390000000 0.000000000 0.000000000
0.395000000 0.000000000 0.000000000
0.400000000 0.000000000 0.000000000
0.405000000 0.000000000 0.000000000
0.410000000 0.000000000 0.000000000
0.415000000 0.000000000 0.000000000
0.420000000 0.000000000 0.000000000
0.425000000 0.000000000 0.000000000
0.430000000 0.000000000 0.000000000
0.435000000 0.000000000 0.000000000
0.440000000 0.000000000 0.000000000
0.445000000 0.000000000 0.000000000
0.450000000 0.000000000 0.000000000
0.455000000 0.000000000 0.000000000
0.460000000 0.000000000 0.000000000
0.465000000 0.000000000 0.000000000
0.470000000 0.000000000 0.000000000
0.475000000 0.000000000 0.000000000
0.480000000 0.000000000 0.000000000
0.485000000 0.000000000 0.000000000
0.490000000 0.000000000 0.000000000
0.495000000 0.000000000 0.000000000
0.500000000 0.000000000 0.000000000
0.505000000 0.000000000 0.000000000
0.510000000 0.000000000 0.000000000
0.515000000 0.000000000 0.000000000
0.520000000 0.000000000 0.000000000
0.525000000 0.000000000 0.000000000
0.530000000 0.000000000 0.000000000
0.535000000 0.000000000 0.000000000
0.540000000 0.000000000 0.000000000
0.545000000 0.000000000 0.000000000
0.550000000 0.000000000 0.000000000
0.555000000 0.000000000 0.000000000
0.560000000 0.000000000 0.000000000
0.565000000 0.000000000 0.000000000
0.570000000 0.000000000 0.000000000
0.575000000 0.000000000 0.000000000
0.580000000 0.000000000 0.000000000
0.585000000 0.000000000 0.000000000
0.590000000 0.000000000 0.000000000
0.595000000 0.000000000 0.000000000
0.600000000 0.000000000 0.000000000
0.605000000 0.000000000 0.000000000
0.610000000 0.000000000 0.000000000
0.615000000 0.000000000 0.000000000
0.620000000 0.000000000 0.000000000
0.625000000 0.000000000 0.000000000
0.630000000 0.000000000 0.000000000
0.635000000 0.000000000 0.000000000
0.640000000 0.000000000 0.000000000
0.645000000 0.000000000 0.000000000
0.650000000 0.000000000 0.000000000
0.655000000 0.000000000 0.000000000
0.660000000 0.000000000 0.000000000
0.665000000 0.000000000 0.000000000
0.670000000 0.000000000 0.000000000
0.675000000 0.000000000 0.000000000
0.680000000 0.000000000 0.000000000
0.685000000 0.000000000 0.000000000
0.690000000 0.000000000 0.000000000
0.695000000 0.000000000 0.000000000
0.700000000 0.000000000 0.000000000
0.705000000 0.000000000 0.000000000
0.710000000 0.000000000 0.000000000
0.715000000 0.000000000 0.000000000
0.720000000 0.000000000 0.000000000
0.725000000 0.000000000 0.000000000
0.730000000 0.000000000 0.000000000
0.735000000 0.000000000 0.000000000
0.740000000 0.000000000 0.000000000
0.745000000 0.000000000 0.000000000
0.750000000 0.000000000 0.000000000
0.755000000 0.000000000 0.000000000
0.760000000 0.000000000 0.000000000
0.765000000 0.000000000 0.000000000
0.770000000 0.000000000 0.000000000
0.775000000 0.000000000 0.000000000
0.780000000 0.000000000 0.000000000
0.785000000 0.000000000 0.000000000
0.790000000 0.000000000 0.000000000
0.795000000 0.000000000 0.000000000
0.800000000 0.000000000 0.000000000
0.805000000 0.000000000 0.000000000
0.810000000 0.000000000 0.000000000
0.815000000 0.000000000 0.000000000
0.820000000 0.000000000 0.000000000
0.825000000 0.000000000 0.000000000
0.830000000 0.000000000 0.000000000
0.835000000 0.000000000 0.000000000
0.840000000 0.000000000 0.000000000
0.845000000 0.000000000 0.000000000
0.850000000 0.000000000 0.000000000
0.855000000 0.000000000 0.000000000
0.860000000 0.000000000 0.000000000
0.865000000 0.000000000 0.000000000
0.870000000 0.000000000 0.000000000
0.875000000 0.000000000 0.000000000
0.880000000 0.000000000 0.000000000
0.885000000 0.000000000 0.000000000
0.890000000 0.000000000 0.000000000
0.895000000 0.000000000 0.000000000
0.900000000 0.000000000 0.000000000
0.905000000 0.000000000 0.000000000
0.910000000 0.000000000 0.000000000
0.915000000 0.000000000 0.000000000
0.920000000 0.000000000 0.000000000
0.925000000 0.000000000 0.000000000
0.930000000 0.000000000 0.000000000
0.935000000 0.000000000 0.000000000
0.940000000 0.000000000 0.000000000
0.945000000 0.000000000 0.000000000
0.950000000 0.000000000 0.000000000
0.955000000 0.000000000 0.000000000
0.960000000 0.000000000 0.000000000
0.965000000 0.000000000 0.000000000
0.970000000 0.000000000 0.000000000
0.975000000 0.000000000 0.000000000
0.980000000 0.000000000 0.000000000
0.985000000 0.000000000 0.000000000
0.990000000 0.000000000 0.000000000
0.995000000 0.000000000 0.000000000
1.000000000 0.000000000 0.000000000

8 7
201
0.000000000 1.000000000 1.000000000
0.005000000 0.280000000 0.633675609
0.010000000 0.084500000 0.273654740
0.015000000 0.018000000 0.102267136
0.020000000 0.003000000 0.035316620
0.025000000 0.001500000 0.011586147
0.030000000 0.000500000 0.003662759
0.035000000 0.000000000 0.001125111
0.040000000 0.000000000 0.000337584
0.045000000 0.000000000 0.000099289
0.050000000 0.000000000 0.000028696
0.055000000 0.000000000 0.000008164
0.060000000 0.000000000 0.000002290
0.065000000 0.000000000 0.000000634
0.070000000 0.000000000 0.000000173
0.075000000 0.000000000 0.000000047
0.080000000 0.000000000 0.000000012
0.085000000 0.000000000 0.000000003
0.090000000 0.000000000 0.000000001
0.095000000 0.000000000 0.000000000
0.100000000 0.000000000 0.000000000
0.105000000 0.000000000 0.000000000
0.110000000 0.000000000 0.000000000
0.115000000 0.000000000 0.000000000
0.120000000 0.000000000 0.000000000
0.125000000 0.000000000 0.000000000
0.130000000 0.000000000 0.000000000
0.135000000 0.000000000 0.000000000
0.140000000 0.000000000 0.000000000
0.145000000 0.000000000 0.000000000
0.150000000 0.000000000 0.000000000
0.155000000 0.000000000 0.000000000
0.160000000 0.000000000 0.000000000
0.165000000 0.000000000 0.000000000
0.170000000 0.000000000 0.000000000
0.175000000 0.000000000 0.000000000
0.180000000 0.000000000 0.000000000
0.185000000 0.000000000 0.000000000
0.190000000 0.000000000 0.000000000
0.195000000 0.000000000 0.000000000
0.200000000 0.000000000 0.000000000
0.205000000 0.000000000 0.000000000
0.210000000 0.000000000 0.000000000
0.215000000 0.000000000 0.000000000
0.220000000 0.000000000 0.000000000
0.225000000 0.000000000 0.000000000
0.230000000 0.000000000 0.000000000
0.235000000 0.000000000 0.000000000
0.240000000 0.000000000 0.000000000
0.245000000 0.000000000 0.000000000
0.250000000 0.000000000 0.000000000
0.255000000 0.000000000 0.000000000
0.260000000 0.000000000 0.000000000
0.265000000 0.000000000 0.000000000
0.270000000 0.000000000 0.000000000
0.275000000 0.000000000 0.000000000
0.280000000 0.000000000 0.000000000
0.285000000 0.000000000 0.000000000
0.290000000 0.000000000 0.000000000
0.295000000 0.000000000 0.000000000
0.300000000 0.000000000 0.000000000
0.305000000 0.000000000 0.000000000
0.310000000 0.000000000 0.000000000
0.315000000 0.000000000 0.000000000
0.320000000 0.000000000 0.000000000
0.325000000 0.000000000 0.000000000
0.330000000 0.000000000 0.000000000
0.335000000 0.000000000 0.000000000
0.340000000 0.000000000 0.000000000
0.345000000 0.000000000 0.000000000
0.350000000 0.000000000 0.000000000
0.355000000 0.000000000 0.000000000
0.360000000 0.000000000 0.000000000
0.365000000 0.000000000 0.000000000
0.370000000 0.000000000 0.000000000
0.375000000 0.000000000 0.000000000
0.380000000 0.000000000 0.000000000
0.385000000 0.000000000 0.000000000
0.390000000 0.000000000 0.000000000
0.395000000 0.000000000 0.000000000
0.400000000 0.000000000 0.000000000
0.405000000 0.000000000 0.000000000
0.410000000 0.000000000 0.000000000
0.415000000 0.000000000 0.000000000
0.420000000 0.000000000 0.000000000
0.425000000 0.000000000 0.000000000
0.430000000 0.000000000 0.000000000
0.435000000 0.000000000 0.000000000
0.440000000 0.000000000 0.000000000
0.445000000 0.000000000 0.000000000
0.450000000 0.000000000 0.000000000
0.455000000 0.000000000 0.000000000
0.460000000 0.000000000 0.000000000
0.465000000 0.000000000 0.000000000
0.470000000 0.000000000 0.000000000
0.475000000 0.000000000 0.000000000
0.480000000 0.000000000 0.000000000
0.485000000 0.000000000 0.000000000
0.490000000 0.000000000 0.000000000
0.495000000 0.000000000 0.000000000
0.500000000 0.000000000 0.000000000
0.505000000 0.000000000 0.000000000
0.510000000 0.000000000 0.000000000
0.515000000 0.000000000 0.000000000
0.520000000 0.000000000 0.000000000
0.525000000 0.000000000 0.000000000
0.530000000 0.000000000 0.000000000
0.535000000 0.000000000 0.000000000
0.540000000 0.000000000 0.000000000
0.545000000 0.000000000 0.000000000
0.550000000 0.000000000 0.000000000
0.555000000 0.000000000 0.000000000
0.560000000 0.000000000 0.000000000
0.565000000 0.000000000 0.000000000
0.570000000 0.000000000 0.000000000
0.575000000 0.000000000 0.000000000
0.580000000 0.000000000 0.000000000
0.585000000 0.000000000 0.000000000
0.590000000 0.000000000 0.000000000
0.595000000 0.000000000 0.000000000
0.600000000 0.000000000 0.000000000
0.605000000 0.000000000 0.000000000
0.610000000 0.000000000 0.000000000
0.615000000 0.000000000 0.000000000
0.620000000 0.000000000 0.000000000
0.625000000 0.000000000 0.000000000
0.630000000 0.000000000 0.000000000
0.635000000 0.000000000 0.000000000
0.640000000 0.000000000 0.000000000
0.645000000 0.000000000 0.000000000
0.650000000 0.000000000 0.000000000
0.655000000 0.000000000 0.000000000
0.660000000 0.000000000 0.000000000
0.665000000 0.000000000 0.000000000
0.670000000 0.000000000 0.000000000
0.675000000 0.000000000 0.000000000
0.680000000 0.000000000 0.000000000
0.685000000 0.000000000 0.000000000
0.690000000 0.000000000 0.000000000
0.695000000 0.000000000 0.000000000
0.700000000 0.000000000 0.000000000
0.705000000 0.000000000 0.000000000
0.710000000 0.000000000 0.000000000
0.715000000 0.000000000 0.000000000
0.720000000 0.000000000 0.000000000
0.725000000 0.000000000 0.000000000
0.730000000 0.000000000 0.000000000
0.735000000 0.000000000 0.000000000
0.740000000 0.000000000 0.000000000
0.745000000 0.000000000 0.000000000
0.750000000 0.000000000 0.000000000
0.755000000 0.000000000 0.000000000
0.760000000 0.000000000 0.000000000
0.765000000 0.000000000 0.000000000
0.770000000 0.000000000 0.000000000
0.775000000 0.000000000 0.000000000
0.780000000 0.000000000 0.000000000
0.785000000 0.000000000 0.000000000
0.790000000 0.000000000 0.000000000
0.795000000 0.000000000 0.000000000
0.800000000 0.000000000 0.000000000
0.805000000 0.000000000 0.000000000
0.810000000 0.000000000 0.000000000
0.815000000 0.000000000 0.000000000
0.820000000 0.000000000 0.000000000
0.825000000 0.000000000 0.000000000
0.830000000 0.000000000 0.000000000
0.835000000 0.000000000 0.000000000
0.840000000 0.000000000 0.000000000
0.845000000 0.000000000 0.000000000
0.850000000 0.000000000 0.000000000
0.855000000 0.000000000 0.000000000
0.860000000 0.000000000 0.000000000
0.865000000 0.000000000 0.000000000
0.870000000 0.000000000 0.000000000
0.875000000 0.000000000 0.000000000
0.880000000 0.000000000 0.000000000
0.885000000 0.000000000 0.000000000
0.890000000 0.000000000 0.000000000
0.895000000 0.000000000 0.000000000
0.900000000 0.000000000 0.000000000
0.905000000 0.000000000 0.000000000
0.910000000 0.000000000 0.000000000
0.915000000 0.000000000 0.000000000
0.920000000 0.000000000 0.000000000
0.925000000 0.000000000 0.000000000
0.930000000 0.000000000 0.000000000
0.935000000 0.000000000 0.000000000
0.940000000 0.000000000 0.000000000
0.945000000 0.000000000 0.000000000
0.950000000 0.000000000 0.000000000
0.955000000 0.000000000 0.000000000
0.960000000 0.000000000 0.000000000
0.965000000 0.000000000 0.000000000
0.970000000 0.000000000 0.000000000
0.975000000 0.000000000 0.000000000
0.980000000 0.000000000 0.000000000
0.985000000 0.000000000 0.000000000
0.990000000 0.000000000 0.000000000
0.995000000 0.000000000 0.000000000
1.000000000 0.000000000 0.000000000

8 8
201
0.000000000 1.000000000 1.000000000
0.005000000 0.288000000 0.277146036
0.010000000 0.073000000 0.076314984
0.015000000 0.017000000 0.020877332
0.020000000 0.005000000 0.005673818
0.025000000 0.001000000 0.001531728
0.030000000 0.000500000 0.000410737
0.035000000 0.000000000 0.000109394
0.040000000 0.000000000 0.000028936
0.045000000 0.000000000 0.000007601
0.050000000 0.000000000 0.000001983
0.055000000 0.000000000 0.000000514
0.060000000 0.000000000 0.000000132
0.065000000 0.000000000 0.000000034
0.070000000 0.000000000 0.000000009
0.075000000 0.000000000 0.000000002
0.080000000 0.000000000 0.000000001
0.085000000 0.000000000 0.000000000
0.090000000 0.000000000 0.000000000
0.095000000 0.000000000 0.000000000
0.100000000 0.000000000 0.000000000
0.105000000 0.000000000 0.000000000
0.110000000 0.000000000 0.000000000
0.115000000 0.000000000 0.000000000
0.120000000 0.000000000 0.000000000
0.125000000 0.000000000 0.000000000
0.130000000 0.000000000 0.000000000
0.135000000 0.000000000 0.000000000
0.140000000 0.000000000 0.000000000
0.145000000 0.000000000 0.000000000
0.150000000 0.000000000 0.000000000
0.155000000 0.000000000 0.000000000
0.160000000 0.000000000 0.000000000
0.165000000 0.000000000 0.000000000
0.170000000 0.000000000 0.000000000
0.175000000 0.000000000 0.000000000
0.180000000 0.000000000 0.000000000
0.185000000 0.000000000 0.000000000
0.190000000 0.000000000 0.000000000
0.195000000 0.000000000 0.000000000
0.200000000 0.000000000 0.000000000
0.205000000 0.000000000 0.000000000
0.210000000 0.000000000 0.000000000
0.215000000 0.000000000 0.000000000
0.220000000 0.000000000 0.000000000
0.225000000 0.000000000 0.000000000
0.230000000 0.000000000 0.000000000
0.235000000 0.000000000 0.000000000
0.240000000 0.000000000 0.000000000
0.245000000 0.000000000 0.000000000
0.250000000 0.000000000 0.000000000
0.255000000 0.000000000 0.000000000
0.260000000 0.000000000 0.000000000
0.265000000 0.000000000 0.000000000
0.270000000 0.000000000 0.000000000
0.275000000 0.000000000 0.000000000
0.280000000 0.000000000 0.000000000
0.285000000 0.000000000 0.000000000
0.290000000 0.000000000 0.000000000
0.295000000 0.000000000 0.000000000
0.300000000 0.000000000 0.000000000
0.305000000 0.000000000 0.000000000
0.310000000 0.000000000 0.000000000
0.315000000 0.000000000 0.000000000
0.320000000 0.000000000 0.000000000
0.325000000 0.000000000 0.000000000
0.330000000 0.000000000 0.000000000
0.335000000 0.000000000 0.000000000
0.340000000 0.000000000 0.000000000
0.345000000 0.000000000 0.000000000
0.350000000 0.000000000 0.000000000
0.355000000 0.000000000 0.000000000
0.360000000 0.000000000 0.000000000
0.365000000 0.000000000 0.000000000
0.370000000 0.000000000 0.000000000
0.375000000 0.000000000 0.000000000
0.380000000 0.000000000 0.000000000
0.385000000 0.000000000 0.000000000
0.390000000 0.000000000 0.000000000
0.395000000 0.000000000 0.000000000
0.400000000 0.000000000 0.000000000
0.405000000 0.000000000 0.000000000
0.410000000 0.000000000 0.000000000
0.415000000 0.000000000 0.000000000
0.420000000 0.000000000 0.000000000
0.425000000 0.000000000 0.000000000
0.430000000 0.000000000 0.000000000
0.435000000 0.000000000 0.000000000
0.440000000 0.000000000 0.000000000
0.445000000 0.000000000 0.000000000
0.450000000 0.000000000 0.000000000
0.455000000 0.000000000 0.000000000
0.460000000 0.000000000 0.000000000
0.465000000 0.000000000 0.000000000
0.470000000 0.000000000 0.000000000
0.475000000 0.000000000 0.000000000
0.480000000 0.000000000 0.000000000
0.485000000 0.000000000 0.000000000
0.490000000 0.000000000 0.000000000
0.495000000 0.000000000 0.000000000
0.500000000 0.000000000 0.000000000
0.505000000 0.000000000 0.000000000
0.510000000 0.000000000 0.000000000
0.515000000 0.000000000 0.000000000
0.520000000 0.000000000 0.000000000
0.525000000 0.000000000 0.000000000
0.530000000 0.000000000 0.000000000
0.535000000 0.000000000 0.000000000
0.540000000 0.000000000 0.000000000
0.545000000 0.000000000 0.000000000
0.550000000 0.000000000 0.000000000
0.555000000 0.000000000 0.000000000
0.560000000 0.000000000 0.000000000
0.565000000 0.000000000 0.000000000
0.570000000 0.000000000 0.000000000
0.575000000 0.000000000 0.000000000
0.580000000 0.000000000 0.000000000
0.585000000 0.000000000 0.000000000
0.590000000 0.000000000 0.000000000
0.595000000 0.000000000 0.000000000
0.600000000 0.000000000 0.000000000
0.605000000 0.000000000 0.000000000
0.610000000 0.000000000 0.000000000
0.615000000 0.000000000 0.000000000
0.620000000 0.000000000 0.000000000
0.625000000 0.000000000 0.000000000
0.630000000 0.000000000 0.000000000
0.635000000 0.000000000 0.000000000
0.640000000 0.000000000 0.000000000
0.645000000 0.000000000 0.000000000
0.650000000 0.000000000 0.000000000
0.655000000 0.000000000 0.000000000
0.660000000 0.000000000 0.000000000
0.665000000 0.000000000 0.000000000
0.670000000 0.000000000 0.000000000
0.675000000 0.000000000 0.000000000
0.680000000 0.000000000 0.000000000
0.685000000 0.000000000 0.000000000
0.690000000 0.000000000 0.000000000
0.695000000 0.000000000 0.000000000
0.700000000 0.000000000 0.000000000
0.705000000 0.000000000 0.000000000
0.710000000 0.000000000 0.000000000
0.715000000 0.000000000 0.000000000
0.720000000 0.000000000 0.000000000
0.725000000 0.000000000 0.000000000
0.730000000 0.000000000 0.000000000
0.735000000 0.000000000 0.000000000
0.740000000 0.000000000 0.000000000
0.745000000 0.000000000 0.000000000
0.750000000 0.000000000 0.000000000
0.755000000 0.000000000 0.000000000
0.760000000 0.000000000 0.000000000
0.765000000 0.000000000 0.000000000
0.770000000 0.000000000 0.000000000
0.775000000 0.000000000 0.000000000
0.780000000 0.000000000 0.000000000
0.785000000 0.000000000 0.000000000
0.790000000 0.000000000 0.000000000
0.795000000 0.000000000 0.000000000
0.800000000 0.000000000 0.000000000
0.805000000 0.000000000 0.000000000
0.810000000 0.000000000 0.000000000
0.815000000 0.000000000 0.000000000
0.820000000 0.000000000 0.000000000
0.825000000 0.000000000 0.000000000
0.830000000 0.000000000 0.000000000
0.835000000 0.000000000 0.000000000
0.840000000 0.000000000 0.000000000
0.845000000 0.000000000 0.000000000
0.850000000 0.000000000 0.000000000
0.855000000 0.000000000 0.000000000
0.860000000 0.000000000 0.000000000
0.865000000 0.000000000 0.000000000
0.870000000 0.000000000 0.000000000
0.875000000 0.000000000 0.000000000
0.880000000 0.000000000 0.000000000
0.885000000 0.000000000 0.000000000
0.890000000 0.000000000 0.000000000
0.895000000 0.000000000 0.000000000
0.900000000 0.000000000 0.000000000
0.905000000 0.000000000 0.000000000
0.910000000 0.000000000 0.000000000
0.915000000 0.000000000 0.000000000
0.920000000 0.000000000 0.000000000
0.925000000 0.000000000 0.000000000
0.930000000 0.000000000 0.000000000
0.935000000 0.000000000 0.000000000
0.940000000 0.000000000 0.000000000
0.945000000 0.000000000 0.000000000
0.950000000 0.000000000 0.000000000
0.955000000 0.000000000 0.000000000
0.960000000 0.000000000 0.000000000
0.965000000 0.000000000 0.000000000
0.970000000 0.000000000 0.000000000
0.975000000 0.000000000 0.000000000
0.980000000 0.000000000 0.000000000
0.985000000 0.000000000 0.000000000
0.990000000 0.000000000 0.000000000
0.995000000 0.000000000 0.000000000
1.000000000 0.000000000 0.000000000

