1
1 0
201
0.000000000 1.000000000 
0.005000000 1.000000000 
0.010000000 1.000000000 
0.015000000 0.998500000 
0.020000000 0.999000000 
0.025000000 0.999500000 
0.030000000 0.999500000 
0.035000000 0.998000000 
0.040000000 0.998500000 
0.045000000 0.996500000 
0.050000000 0.997500000 
0.055000000 0.997500000 
0.060000000 0.997000000 
0.065000000 0.994500000 
0.070000000 0.994000000 
0.075000000 0.996500000 
0.080000000 0.996000000 
0.085000000 0.993500000 
0.090000000 0.991500000 
0.095000000 0.990500000 
0.100000000 0.985500000 
0.105000000 0.990000000 
0.110000000 0.987500000 
0.115000000 0.984500000 
0.120000000 0.984000000 
0.125000000 0.986000000 
0.130000000 0.986000000 
0.135000000 0.986000000 
0.140000000 0.983000000 
0.145000000 0.975500000 
0.150000000 0.971500000 
0.155000000 0.979500000 
0.160000000 0.973000000 
0.165000000 0.974500000 
0.170000000 0.967000000 
0.175000000 0.965000000 
0.180000000 0.971500000 
0.185000000 0.959500000 
0.190000000 0.961500000 
0.195000000 0.955000000 
0.200000000 0.957500000 
0.205000000 0.960500000 
0.210000000 0.952500000 
0.215000000 0.962500000 
0.220000000 0.955000000 
0.225000000 0.952500000 
0.230000000 0.947500000 
0.235000000 0.943000000 
0.240000000 0.940500000 
0.245000000 0.940000000 
0.250000000 0.933000000 
0.255000000 0.936500000 
0.260000000 0.938500000 
0.265000000 0.929500000 
0.270000000 0.923000000 
0.275000000 0.922000000 
0.280000000 0.914000000 
0.285000000 0.905500000 
0.290000000 0.912000000 
0.295000000 0.909500000 
0.300000000 0.907000000 
0.305000000 0.905500000 
0.310000000 0.897000000 
0.315000000 0.903000000 
0.320000000 0.895500000 
0.325000000 0.895000000 
0.330000000 0.882500000 
0.335000000 0.893500000 
0.340000000 0.892000000 
0.345000000 0.876000000 
0.350000000 0.868500000 
0.355000000 0.860000000 
0.360000000 0.874500000 
0.365000000 0.849000000 
0.370000000 0.869000000 
0.375000000 0.860500000 
0.380000000 0.854000000 
0.385000000 0.851000000 
0.390000000 0.846500000 
0.395000000 0.851000000 
0.400000000 0.845000000 
0.405000000 0.841500000 
0.410000000 0.841500000 
0.415000000 0.844500000 
0.420000000 0.836500000 
0.425000000 0.815000000 
0.430000000 0.814000000 
0.435000000 0.813000000 
0.440000000 0.810000000 
0.445000000 0.812500000 
0.450000000 0.809500000 
0.455000000 0.798500000 
0.460000000 0.792500000 
0.465000000 0.782500000 
0.470000000 0.778000000 
0.475000000 0.777500000 
0.480000000 0.770500000 
0.485000000 0.766000000 
0.490000000 0.766500000 
0.495000000 0.770500000 
0.500000000 0.767500000 
0.505000000 0.755000000 
0.510000000 0.731500000 
0.515000000 0.725500000 
0.520000000 0.723500000 
0.525000000 0.724000000 
0.530000000 0.699000000 
0.535000000 0.705000000 
0.540000000 0.697500000 
0.545000000 0.710500000 
0.550000000 0.688000000 
0.555000000 0.708000000 
0.560000000 0.688000000 
0.565000000 0.665500000 
0.570000000 0.677500000 
0.575000000 0.680500000 
0.580000000 0.671000000 
0.585000000 0.661500000 
0.590000000 0.651000000 
0.595000000 0.662500000 
0.600000000 0.617500000 
0.605000000 0.624500000 
0.610000000 0.641500000 
0.615000000 0.615000000 
0.620000000 0.615000000 
0.625000000 0.596000000 
0.630000000 0.605000000 
0.635000000 0.590500000 
0.640000000 0.596000000 
0.645000000 0.593500000 
0.650000000 0.589000000 
0.655000000 0.565000000 
0.660000000 0.569000000 
0.665000000 0.552500000 
0.670000000 0.543500000 
0.675000000 0.557500000 
0.680000000 0.541000000 
0.685000000 0.549500000 
0.690000000 0.529000000 
0.695000000 0.521500000 
0.700000000 0.515000000 
0.705000000 0.517500000 
0.710000000 0.496000000 
0.715000000 0.504000000 
0.720000000 0.477000000 
0.725000000 0.490500000 
0.730000000 0.471500000 
0.735000000 0.442500000 
0.740000000 0.448500000 
0.745000000 0.459500000 
0.750000000 0.451500000 
0.755000000 0.428000000 
0.760000000 0.424500000 
0.765000000 0.404000000 
0.770000000 0.413500000 
0.775000000 0.381500000 
0.780000000 0.388000000 
0.785000000 0.385500000 
0.790000000 0.375500000 
0.795000000 0.370000000 
0.800000000 0.365000000 
0.805000000 0.341500000 
0.810000000 0.356500000 
0.815000000 0.320500000 
0.820000000 0.340500000 
0.825000000 0.322500000 
0.830000000 0.308000000 
0.835000000 0.312500000 
0.840000000 0.287000000 
0.845000000 0.294500000 
0.850000000 0.284500000 
0.855000000 0.274000000 
0.860000000 0.253000000 
0.865000000 0.254500000 
0.870000000 0.254000000 
0.875000000 0.221000000 
0.880000000 0.237000000 
0.885000000 0.216000000 
0.890000000 0.214500000 
0.895000000 0.195500000 
0.900000000 0.204500000 
0.905000000 0.181000000 
0.910000000 0.172000000 
0.915000000 0.155000000 
0.920000000 0.150000000 
0.925000000 0.138500000 
0.930000000 0.148500000 
0.935000000 0.130000000 
0.940000000 0.113500000 
0.945000000 0.110000000 
0.950000000 0.097500000 
0.955000000 0.086500000 
0.960000000 0.079000000 
0.965000000 0.066000000 
0.970000000 0.063500000 
0.975000000 0.052000000 
0.980000000 0.045000000 
0.985000000 0.024500000 
0.990000000 0.020000000 
0.995000000 0.011000000 
1.000000000 0.000000000 

1 1
201
0.000000000 1.000000000 
0.005000000 0.990000000 
0.010000000 0.983000000 
0.015000000 0.973500000 
0.020000000 0.958500000 
0.025000000 0.949500000 
0.030000000 0.946000000 
0.035000000 0.929000000 
0.040000000 0.926500000 
0.045000000 0.913000000 
0.050000000 0.902000000 
0.055000000 0.889000000 
0.060000000 0.890000000 
0.065000000 0.863500000 
0.070000000 0.873500000 
0.075000000 0.857500000 
0.080000000 0.857500000 
0.085000000 0.832500000 
0.090000000 0.811500000 
0.095000000 0.801500000 
0.100000000 0.806000000 
0.105000000 0.792000000 
0.110000000 0.786500000 
0.115000000 0.788000000 
0.120000000 0.765000000 
0.125000000 0.757000000 
0.130000000 0.772500000 
0.135000000 0.741500000 
0.140000000 0.722000000 
0.145000000 0.725500000 
0.150000000 0.717000000 
0.155000000 0.706000000 
0.160000000 0.697000000 
0.165000000 0.693500000 
0.170000000 0.683000000 
0.175000000 0.679500000 
0.180000000 0.680000000 
0.185000000 0.673500000 
0.190000000 0.648500000 
0.195000000 0.647000000 
0.200000000 0.620000000 
0.205000000 0.638500000 
0.210000000 0.600500000 
0.215000000 0.629500000 
0.220000000 0.621000000 
0.225000000 0.601500000 
0.230000000 0.595500000 
0.235000000 0.569000000 
0.240000000 0.588000000 
0.245000000 0.580500000 
0.250000000 0.550500000 
0.255000000 0.555500000 
0.260000000 0.550000000 
0.265000000 0.536500000 
0.270000000 0.534500000 
0.275000000 0.533500000 
0.280000000 0.519500000 
0.285000000 0.497500000 
0.290000000 0.504000000 
0.295000000 0.517500000 
0.300000000 0.479000000 
0.305000000 0.506000000 
0.310000000 0.463500000 
0.315000000 0.470500000 
0.320000000 0.453000000 
0.325000000 0.451000000 
0.330000000 0.448500000 
0.335000000 0.440000000 
0.340000000 0.428000000 
0.345000000 0.421500000 
0.350000000 0.417000000 
0.355000000 0.413500000 
0.360000000 0.414000000 
0.365000000 0.391000000 
0.370000000 0.398500000 
0.375000000 0.392000000 
0.380000000 0.392000000 
0.385000000 0.382500000 
0.390000000 0.360500000 
0.395000000 0.382500000 
0.400000000 0.358500000 
0.405000000 0.349500000 
0.410000000 0.342000000 
0.415000000 0.328500000 
0.420000000 0.358500000 
0.425000000 0.331500000 
0.430000000 0.332000000 
0.435000000 0.320000000 
0.440000000 0.312500000 
0.445000000 0.318500000 
0.450000000 0.315500000 
0.455000000 0.298000000 
0.460000000 0.292000000 
0.465000000 0.289500000 
0.470000000 0.295000000 
0.475000000 0.254500000 
0.480000000 0.268000000 
0.485000000 0.276000000 
0.490000000 0.251000000 
0.495000000 0.266500000 
0.500000000 0.250000000 
0.505000000 0.271500000 
0.510000000 0.237000000 
0.515000000 0.227000000 
0.520000000 0.229500000 
0.525000000 0.235500000 
0.530000000 0.214500000 
0.535000000 0.189000000 
0.540000000 0.214000000 
0.545000000 0.206000000 
0.550000000 0.200000000 
0.555000000 0.218500000 
0.560000000 0.197000000 
0.565000000 0.183500000 
0.570000000 0.173500000 
0.575000000 0.170500000 
0.580000000 0.182000000 
0.585000000 0.165000000 
0.590000000 0.170000000 
0.595000000 0.165500000 
0.600000000 0.160000000 
0.605000000 0.146500000 
0.610000000 0.156500000 
0.615000000 0.149000000 
0.620000000 0.142500000 
0.625000000 0.149500000 
0.630000000 0.143500000 
0.635000000 0.130000000 
0.640000000 0.132000000 
0.645000000 0.130500000 
0.650000000 0.116500000 
0.655000000 0.116500000 
0.660000000 0.129000000 
0.665000000 0.097000000 
0.670000000 0.112500000 
0.675000000 0.113000000 
0.680000000 0.101500000 
0.685000000 0.099500000 
0.690000000 0.089500000 
0.695000000 0.085500000 
0.700000000 0.088000000 
0.705000000 0.086500000 
0.710000000 0.087000000 
0.715000000 0.090000000 
0.720000000 0.079500000 
0.725000000 0.068500000 
0.730000000 0.073500000 
0.735000000 0.068000000 
0.740000000 0.070500000 
0.745000000 0.069000000 
0.750000000 0.065500000 
0.755000000 0.061000000 
0.760000000 0.060500000 
0.765000000 0.060500000 
0.770000000 0.054000000 
0.775000000 0.041000000 
0.780000000 0.046500000 
0.785000000 0.038000000 
0.790000000 0.045500000 
0.795000000 0.044000000 
0.800000000 0.037000000 
0.805000000 0.038000000 
0.810000000 0.038500000 
0.815000000 0.038500000 
0.820000000 0.034000000 
0.825000000 0.031500000 
0.830000000 0.022000000 
0.835000000 0.026500000 
0.840000000 0.027000000 
0.845000000 0.023000000 
0.850000000 0.033000000 
0.855000000 0.021000000 
0.860000000 0.016000000 
0.865000000 0.023000000 
0.870000000 0.018500000 
0.875000000 0.011000000 
0.880000000 0.015000000 
0.885000000 0.014500000 
0.890000000 0.013000000 
0.895000000 0.012500000 
0.900000000 0.008000000 
0.905000000 0.009000000 
0.910000000 0.009500000 
0.915000000 0.008500000 
0.920000000 0.006000000 
0.925000000 0.006000000 
0.930000000 0.005000000 
0.935000000 0.007000000 
0.940000000 0.003500000 
0.945000000 0.002000000 
0.950000000 0.001000000 
0.955000000 0.001500000 
0.960000000 0.001500000 
0.965000000 0.001500000 
0.970000000 0.001000000 
0.975000000 0.000000000 
0.980000000 0.000500000 
0.985000000 0.000500000 
0.990000000 0.000000000 
0.995000000 0.000000000 
1.000000000 0.000000000 

