4
4 0
201
0.000000000 1.000000000 1.000000000
0.005000000 1.000000000 1.000000000
0.010000000 1.000000000 1.000000000
0.015000000 1.000000000 1.000000000
0.020000000 1.000000000 1.000000000
0.025000000 1.000000000 1.000000000
0.030000000 1.000000000 1.000000000
0.035000000 1.000000000 0.999999999
0.040000000 1.000000000 0.999999998
0.045000000 1.000000000 0.999999994
0.050000000 1.000000000 0.999999984
0.055000000 1.000000000 0.999999963
0.060000000 1.000000000 0.999999922
0.065000000 1.000000000 0.999999844
0.070000000 1.000000000 0.999999707
0.075000000 1.000000000 0.999999473
0.080000000 1.000000000 0.999999089
0.085000000 1.000000000 0.999998480
0.090000000 1.000000000 0.999997542
0.095000000 1.000000000 0.999996136
0.100000000 1.000000000 0.999994076
0.105000000 1.000000000 0.999991121
0.110000000 1.000000000 0.999986963
0.115000000 1.000000000 0.999981215
0.120000000 1.000000000 0.999973393
0.125000000 1.000000000 0.999962905
0.130000000 1.000000000 0.999949030
0.135000000 0.999500000 0.999930905
0.140000000 1.000000000 0.999907500
0.145000000 1.000000000 0.999877601
0.150000000 0.999000000 0.999839790
0.155000000 1.000000000 0.999792421
0.160000000 0.999000000 0.999733599
0.165000000 0.998500000 0.999661160
0.170000000 1.000000000 0.999572645
0.175000000 0.999500000 0.999465283
0.180000000 0.999500000 0.999335964
0.185000000 0.999000000 0.999181224
0.190000000 0.999000000 0.998997219
0.195000000 0.999500000 0.998779714
0.200000000 0.999500000 0.998524062
0.205000000 0.999000000 0.998225188
0.210000000 0.998000000 0.997877581
0.215000000 0.996000000 0.997475279
0.220000000 0.997500000 0.997011862
0.225000000 0.996500000 0.996480449
0.230000000 0.995000000 0.995873696
0.235000000 0.994000000 0.995183794
0.240000000 0.992500000 0.994402475
0.245000000 0.994500000 0.993521022
0.250000000 0.988500000 0.992530280
0.255000000 0.991000000 0.991420668
0.260000000 0.990500000 0.990182205
0.265000000 0.989500000 0.988804526
0.270000000 0.984500000 0.987276914
0.275000000 0.984500000 0.985588329
0.280000000 0.983500000 0.983727441
0.285000000 0.988500000 0.981682674
0.290000000 0.983000000 0.979442241
0.295000000 0.976000000 0.976994194
0.300000000 0.968500000 0.974326470
0.305000000 0.972500000 0.971426945
0.310000000 0.965500000 0.968283488
0.315000000 0.957000000 0.964884017
0.320000000 0.956000000 0.961216558
0.325000000 0.965500000 0.957269309
0.330000000 0.959000000 0.953030703
0.335000000 0.947500000 0.948489466
0.340000000 0.946000000 0.943634692
0.345000000 0.930000000 0.938455901
0.350000000 0.936000000 0.932943110
0.355000000 0.924500000 0.927086893
0.360000000 0.918000000 0.920878453
0.365000000 0.917500000 0.914309680
0.370000000 0.909500000 0.907373217
0.375000000 0.903000000 0.900062518
0.380000000 0.890500000 0.892371906
0.385000000 0.882000000 0.884296632
0.390000000 0.875000000 0.875832923
0.395000000 0.862000000 0.866978032
0.400000000 0.859000000 0.857730282
0.405000000 0.847500000 0.848089109
0.410000000 0.828500000 0.838055093
0.415000000 0.830500000 0.827629996
0.420000000 0.807000000 0.816816780
0.425000000 0.801000000 0.805619632
0.430000000 0.821000000 0.794043980
0.435000000 0.776500000 0.782096495
0.440000000 0.762500000 0.769785101
0.445000000 0.768500000 0.757118971
0.450000000 0.741000000 0.744108511
0.455000000 0.728000000 0.730765351
0.460000000 0.709000000 0.717102323
0.465000000 0.694500000 0.703133426
0.470000000 0.676500000 0.688873800
0.475000000 0.666000000 0.674339680
0.480000000 0.674500000 0.659548349
0.485000000 0.638500000 0.644518092
0.490000000 0.635000000 0.629268132
0.495000000 0.614500000 0.613818567
0.500000000 0.589500000 0.598190308
0.505000000 0.582000000 0.582404999
0.510000000 0.570500000 0.566484945
0.515000000 0.564500000 0.550453028
0.520000000 0.539500000 0.534332626
0.525000000 0.520000000 0.518147519
0.530000000 0.498000000 0.501921805
0.535000000 0.510500000 0.485679806
0.540000000 0.458000000 0.469445970
0.545000000 0.450500000 0.453244781
0.550000000 0.432500000 0.437100660
0.555000000 0.419500000 0.421037869
0.560000000 0.401500000 0.405080415
0.565000000 0.378500000 0.389251957
0.570000000 0.379000000 0.373575712
0.575000000 0.362500000 0.358074361
0.580000000 0.335500000 0.342769966
0.585000000 0.335500000 0.327683877
0.590000000 0.309000000 0.312836656
0.595000000 0.298500000 0.298247996
0.600000000 0.296500000 0.283936647
0.605000000 0.260000000 0.269920348
0.610000000 0.267000000 0.256215762
0.615000000 0.246500000 0.242838421
0.620000000 0.243500000 0.229802669
0.625000000 0.231000000 0.217121620
0.630000000 0.210000000 0.204807119
0.635000000 0.204500000 0.192869706
0.640000000 0.186500000 0.181318594
0.645000000 0.166000000 0.170161647
0.650000000 0.147000000 0.159405371
0.655000000 0.150000000 0.149054910
0.660000000 0.138500000 0.139114044
0.665000000 0.126500000 0.129585206
0.670000000 0.118500000 0.120469492
0.675000000 0.106000000 0.111766690
0.680000000 0.108500000 0.103475308
0.685000000 0.083500000 0.095592609
0.690000000 0.088000000 0.088114657
0.695000000 0.072000000 0.081036366
0.700000000 0.075500000 0.074351550
0.705000000 0.069500000 0.068052986
0.710000000 0.066500000 0.062132477
0.715000000 0.057000000 0.056580920
0.720000000 0.048500000 0.051388375
0.725000000 0.047000000 0.046544144
0.730000000 0.039000000 0.042036847
0.735000000 0.038500000 0.037854498
0.740000000 0.035000000 0.033984592
0.745000000 0.028500000 0.030414180
0.750000000 0.024000000 0.027129956
0.755000000 0.020500000 0.024118339
0.760000000 0.020000000 0.021365547
0.765000000 0.014500000 0.018857688
0.770000000 0.015000000 0.016580825
0.775000000 0.014000000 0.014521061
0.780000000 0.015000000 0.012664605
0.785000000 0.012000000 0.010997844
0.790000000 0.010000000 0.009507404
0.795000000 0.011500000 0.008180215
0.800000000 0.008000000 0.007003561
0.805000000 0.006500000 0.005965136
0.810000000 0.006500000 0.005053084
0.815000000 0.005000000 0.004256043
0.820000000 0.001500000 0.003563177
0.825000000 0.003000000 0.002964203
0.830000000 0.003000000 0.002449417
0.835000000 0.003000000 0.002009707
0.840000000 0.002500000 0.001636566
0.845000000 0.001500000 0.001322094
0.850000000 0.001500000 0.001059004
0.855000000 0.000500000 0.000840609
0.860000000 0.001000000 0.000660816
0.865000000 0.000500000 0.000514113
0.870000000 0.000000000 0.000395541
0.875000000 0.000000000 0.000300682
0.880000000 0.000500000 0.000225624
0.885000000 0.000000000 0.000166937
0.890000000 0.000000000 0.000121640
0.895000000 0.000500000 0.000087164
0.900000000 0.000000000 0.000061325
0.905000000 0.000000000 0.000042284
0.910000000 0.000000000 0.000028510
0.915000000 0.000000000 0.000018751
0.920000000 0.000000000 0.000011993
0.925000000 0.000000000 0.000007433
0.930000000 0.000000000 0.000004445
0.935000000 0.000000000 0.000002551
0.940000000 0.000000000 0.000001396
0.945000000 0.000000000 0.000000722
0.950000000 0.000000000 0.000000350
0.955000000 0.000000000 0.000000156
0.960000000 0.000000000 0.000000063
0.965000000 0.000000000 0.000000023
0.970000000 0.000000000 0.000000007
0.975000000 0.000000000 0.000000002
0.980000000 0.000000000 0.000000000
0.985000000 0.000000000 0.000000000
0.990000000 0.000000000 0.000000000
0.995000000 0.000000000 0.000000000
1.000000000 0.000000000 0.000000000

4 1
201
0.000000000 1.000000000 1.000000000
0.005000000 1.000000000 0.999999987
0.010000000 1.000000000 0.999999602
0.015000000 1.000000000 0.999997111
0.020000000 0.999500000 0.999988376
0.025000000 0.999500000 0.999966138
0.030000000 0.999000000 0.999919574
0.035000000 0.997500000 0.999834102
0.040000000 0.997500000 0.999691358
0.045000000 0.994000000 0.999469344
0.050000000 0.993000000 0.999142688
0.055000000 0.989000000 0.998683010
0.060000000 0.986500000 0.998059345
0.065000000 0.982500000 0.997238630
0.070000000 0.975500000 0.996186206
0.075000000 0.976500000 0.994866351
0.080000000 0.965000000 0.993242805
0.085000000 0.958500000 0.991279282
0.090000000 0.951000000 0.988939979
0.095000000 0.945500000 0.986190040
0.100000000 0.934000000 0.982996002
0.105000000 0.919000000 0.979326198
0.110000000 0.915000000 0.975151124
0.115000000 0.905000000 0.970443756
0.120000000 0.890500000 0.965179838
0.125000000 0.884000000 0.959338109
0.130000000 0.855000000 0.952900500
0.135000000 0.842000000 0.945852280
0.140000000 0.815500000 0.938182164
0.145000000 0.817500000 0.929882381
0.150000000 0.786500000 0.920948702
0.155000000 0.770500000 0.911380430
0.160000000 0.775000000 0.901180368
0.165000000 0.749500000 0.890354741
0.170000000 0.721500000 0.878913099
0.175000000 0.714000000 0.866868197
0.180000000 0.685500000 0.854235844
0.185000000 0.688500000 0.841034745
0.190000000 0.636500000 0.827286310
0.195000000 0.640500000 0.813014464
0.200000000 0.604000000 0.798245442
0.205000000 0.606500000 0.783007564
0.210000000 0.597000000 0.767331023
0.215000000 0.568000000 0.751247650
0.220000000 0.528500000 0.734790690
0.225000000 0.536500000 0.717994572
0.230000000 0.525500000 0.700894680
0.235000000 0.492000000 0.683527132
0.240000000 0.481000000 0.665928560
0.245000000 0.447500000 0.648135898
0.250000000 0.443500000 0.630186175
0.255000000 0.413500000 0.612116322
0.260000000 0.395500000 0.593962983
0.265000000 0.379000000 0.575762338
0.270000000 0.360000000 0.557549939
0.275000000 0.339500000 0.539360557
0.280000000 0.314500000 0.521228035
0.285000000 0.309000000 0.503185162
0.290000000 0.297500000 0.485263555
0.295000000 0.266000000 0.467493552
0.300000000 0.262000000 0.449904120
0.305000000 0.270500000 0.432522773
0.310000000 0.246000000 0.415375507
0.315000000 0.242000000 0.398486736
0.320000000 0.222000000 0.381879256
0.325000000 0.210500000 0.365574203
0.330000000 0.197500000 0.349591033
0.335000000 0.191000000 0.333947508
0.340000000 0.172000000 0.318659692
0.345000000 0.167500000 0.303741958
0.350000000 0.141000000 0.289206999
0.355000000 0.141500000 0.275065853
0.360000000 0.150500000 0.261327933
0.365000000 0.127000000 0.248001061
0.370000000 0.122000000 0.235091509
0.375000000 0.108500000 0.222604053
0.380000000 0.104500000 0.210542021
0.385000000 0.110500000 0.198907352
0.390000000 0.110500000 0.187700657
0.395000000 0.097000000 0.176921284
0.400000000 0.081000000 0.166567384
0.405000000 0.079500000 0.156635983
0.410000000 0.084500000 0.147123047
0.415000000 0.069000000 0.138023562
0.420000000 0.060500000 0.129331598
0.425000000 0.053000000 0.121040390
0.430000000 0.052500000 0.113142404
0.435000000 0.057000000 0.105629411
0.440000000 0.049500000 0.098492562
0.445000000 0.042500000 0.091722451
0.450000000 0.036000000 0.085309189
0.455000000 0.041500000 0.079242466
0.460000000 0.037000000 0.073511619
0.465000000 0.032000000 0.068105691
0.470000000 0.032500000 0.063013494
0.475000000 0.031500000 0.058223660
0.480000000 0.028000000 0.053724702
0.485000000 0.026500000 0.049505061
0.490000000 0.020500000 0.045553155
0.495000000 0.012500000 0.041857424
0.500000000 0.020500000 0.038406372
0.505000000 0.016000000 0.035188608
0.510000000 0.015000000 0.032192881
0.515000000 0.020500000 0.029408109
0.520000000 0.011500000 0.026823415
0.525000000 0.014000000 0.024428150
0.530000000 0.009500000 0.022211918
0.535000000 0.013000000 0.020164598
0.540000000 0.008000000 0.018276360
0.545000000 0.005500000 0.016537680
0.550000000 0.006000000 0.014939359
0.555000000 0.006500000 0.013472527
0.560000000 0.004000000 0.012128654
0.565000000 0.006000000 0.010899555
0.570000000 0.007000000 0.009777397
0.575000000 0.004500000 0.008754697
0.580000000 0.003500000 0.007824326
0.585000000 0.003500000 0.006979504
0.590000000 0.003500000 0.006213799
0.595000000 0.001000000 0.005521123
0.600000000 0.001000000 0.004895726
0.605000000 0.001000000 0.004332188
0.610000000 0.001500000 0.003825414
0.615000000 0.002500000 0.003370621
0.620000000 0.001500000 0.002963332
0.625000000 0.002500000 0.002599366
0.630000000 0.001000000 0.002274826
0.635000000 0.002500000 0.001986087
0.640000000 0.000500000 0.001729785
0.645000000 0.001000000 0.001502809
0.650000000 0.001000000 0.001302282
0.655000000 0.000000000 0.001125558
0.660000000 0.001000000 0.000970200
0.665000000 0.000500000 0.000833978
0.670000000 0.000000000 0.000714849
0.675000000 0.001500000 0.000610950
0.680000000 0.000500000 0.000520586
0.685000000 0.000500000 0.000442218
0.690000000 0.000000000 0.000374454
0.695000000 0.000000000 0.000316036
0.700000000 0.000000000 0.000265831
0.705000000 0.000000000 0.000222824
0.710000000 0.000000000 0.000186103
0.715000000 0.000000000 0.000154856
0.720000000 0.000500000 0.000128362
0.725000000 0.000000000 0.000105979
0.730000000 0.000000000 0.000087140
0.735000000 0.000000000 0.000071345
0.740000000 0.000000000 0.000058155
0.745000000 0.000000000 0.000047188
0.750000000 0.000500000 0.000038107
0.755000000 0.000000000 0.000030622
0.760000000 0.000000000 0.000024482
0.765000000 0.000000000 0.000019468
0.770000000 0.000000000 0.000015395
0.775000000 0.000000000 0.000012104
0.780000000 0.000000000 0.000009459
0.785000000 0.000000000 0.000007345
0.790000000 0.000000000 0.000005666
0.795000000 0.000000000 0.000004341
0.800000000 0.000000000 0.000003301
0.805000000 0.000000000 0.000002492
0.810000000 0.000000000 0.000001866
0.815000000 0.000000000 0.000001385
0.820000000 0.000000000 0.000001019
0.825000000 0.000000000 0.000000743
0.830000000 0.000000000 0.000000536
0.835000000 0.000000000 0.000000383
0.840000000 0.000000000 0.000000271
0.845000000 0.000000000 0.000000189
0.850000000 0.000000000 0.000000130
0.855000000 0.000000000 0.000000089
0.860000000 0.000000000 0.000000059
0.865000000 0.000000000 0.000000039
0.870000000 0.000000000 0.000000025
0.875000000 0.000000000 0.000000016
0.880000000 0.000000000 0.000000010
0.885000000 0.000000000 0.000000006
0.890000000 0.000000000 0.000000004
0.895000000 0.000000000 0.000000002
0.900000000 0.000000000 0.000000001
0.905000000 0.000000000 0.000000001
0.910000000 0.000000000 0.000000000
0.915000000 0.000000000 0.000000000
0.920000000 0.000000000 0.000000000
0.925000000 0.000000000 0.000000000
0.930000000 0.000000000 0.000000000
0.935000000 0.000000000 0.000000000
0.940000000 0.000000000 0.000000000
0.945000000 0.000000000 0.000000000
0.950000000 0.000000000 0.000000000
0.955000000 0.000000000 0.000000000
0.960000000 0.000000000 0.000000000
0.965000000 0.000000000 0.000000000
0.970000000 0.000000000 0.000000000
0.975000000 0.000000000 0.000000000
0.980000000 0.000000000 0.000000000
0.985000000 0.000000000 0.000000000
0.990000000 0.000000000 0.000000000
0.995000000 0.000000000 0.000000000
1.000000000 0.000000000 0.000000000

4 2
201
0.000000000 1.000000000 1.000000000
0.005000000 0.995000000 0.999933332
0.010000000 0.991500000 0.999492058
0.015000000 0.979500000 0.998367394
0.020000000 0.958500000 0.996314647
0.025000000 0.943500000 0.993145418
0.030000000 0.917000000 0.988720542
0.035000000 0.893500000 0.982943671
0.040000000 0.865000000 0.975755484
0.045000000 0.849500000 0.967128455
0.050000000 0.811500000 0.957062147
0.055000000 0.765500000 0.945578977
0.060000000 0.753500000 0.932720436
0.065000000 0.721500000 0.918543695
0.070000000 0.690500000 0.903118603
0.075000000 0.652500000 0.886525004
0.080000000 0.640500000 0.868850383
0.085000000 0.606500000 0.850187784
0.090000000 0.566500000 0.830633989
0.095000000 0.523000000 0.810287935
0.100000000 0.527500000 0.789249340
0.105000000 0.489500000 0.767617524
0.110000000 0.469000000 0.745490406
0.115000000 0.437500000 0.722963658
0.120000000 0.402500000 0.700129995
0.125000000 0.395500000 0.677078601
0.130000000 0.364000000 0.653894663
0.135000000 0.342500000 0.630659004
0.140000000 0.310500000 0.607447815
0.145000000 0.297000000 0.584332453
0.150000000 0.258000000 0.561379320
0.155000000 0.272000000 0.538649798
0.160000000 0.242000000 0.516200237
0.165000000 0.224500000 0.494081993
0.170000000 0.227500000 0.472341498
0.175000000 0.190500000 0.451020370
0.180000000 0.190000000 0.430155548
0.185000000 0.175500000 0.409779450
0.190000000 0.177500000 0.389920154
0.195000000 0.138500000 0.370601584
0.200000000 0.141500000 0.351843721
0.205000000 0.136000000 0.333662808
0.210000000 0.119000000 0.316071573
0.215000000 0.115000000 0.299079446
0.220000000 0.098000000 0.282692785
0.225000000 0.093500000 0.266915092
0.230000000 0.094500000 0.251747232
0.235000000 0.072000000 0.237187650
0.240000000 0.082500000 0.223232578
0.245000000 0.065500000 0.209876241
0.250000000 0.070000000 0.197111050
0.255000000 0.052000000 0.184927791
0.260000000 0.053500000 0.173315810
0.265000000 0.046000000 0.162263181
0.270000000 0.042000000 0.151756873
0.275000000 0.043500000 0.141782901
0.280000000 0.043500000 0.132326477
0.285000000 0.039500000 0.123372142
0.290000000 0.032000000 0.114903898
0.295000000 0.035000000 0.106905322
0.300000000 0.029000000 0.099359680
0.305000000 0.029500000 0.092250030
0.310000000 0.023000000 0.085559309
0.315000000 0.017000000 0.079270426
0.320000000 0.022500000 0.073366333
0.325000000 0.018500000 0.067830099
0.330000000 0.013000000 0.062644973
0.335000000 0.010500000 0.057794438
0.340000000 0.015500000 0.053262261
0.345000000 0.006000000 0.049032540
0.350000000 0.010000000 0.045089737
0.355000000 0.009500000 0.041418714
0.360000000 0.010500000 0.038004759
0.365000000 0.008500000 0.034833611
0.370000000 0.005500000 0.031891475
0.375000000 0.006000000 0.029165038
0.380000000 0.001500000 0.026641481
0.385000000 0.004500000 0.024308483
0.390000000 0.002500000 0.022154229
0.395000000 0.005500000 0.020167408
0.400000000 0.003000000 0.018337214
0.405000000 0.003000000 0.016653341
0.410000000 0.003000000 0.015105979
0.415000000 0.002500000 0.013685802
0.420000000 0.002500000 0.012383968
0.425000000 0.001000000 0.011192098
0.430000000 0.001500000 0.010102273
0.435000000 0.001500000 0.009107014
0.440000000 0.003000000 0.008199276
0.445000000 0.001500000 0.007372429
0.450000000 0.000000000 0.006620242
0.455000000 0.000500000 0.005936874
0.460000000 0.001000000 0.005316851
0.465000000 0.000500000 0.004755058
0.470000000 0.000500000 0.004246716
0.475000000 0.000500000 0.003787371
0.480000000 0.001500000 0.003372880
0.485000000 0.001000000 0.002999387
0.490000000 0.000000000 0.002663319
0.495000000 0.000500000 0.002361363
0.500000000 0.001000000 0.002090454
0.505000000 0.000000000 0.001847762
0.510000000 0.000000000 0.001630675
0.515000000 0.000000000 0.001436791
0.520000000 0.000000000 0.001263898
0.525000000 0.000500000 0.001109967
0.530000000 0.000000000 0.000973140
0.535000000 0.000000000 0.000851714
0.540000000 0.000000000 0.000744135
0.545000000 0.000000000 0.000648985
0.550000000 0.000000000 0.000564973
0.555000000 0.000000000 0.000490925
0.560000000 0.000000000 0.000425776
0.565000000 0.000000000 0.000368560
0.570000000 0.000000000 0.000318405
0.575000000 0.000000000 0.000274523
0.580000000 0.000000000 0.000236202
0.585000000 0.000500000 0.000202804
0.590000000 0.000000000 0.000173756
0.595000000 0.000000000 0.000148541
0.600000000 0.000000000 0.000126702
0.605000000 0.000000000 0.000107825
0.610000000 0.000000000 0.000091545
0.615000000 0.000000000 0.000077536
0.620000000 0.000000000 0.000065510
0.625000000 0.000000000 0.000055209
0.630000000 0.000000000 0.000046407
0.635000000 0.000000000 0.000038905
0.640000000 0.000000000 0.000032527
0.645000000 0.000000000 0.000027119
0.650000000 0.000000000 0.000022545
0.655000000 0.000000000 0.000018687
0.660000000 0.000000000 0.000015443
0.665000000 0.000000000 0.000012722
0.670000000 0.000000000 0.000010447
0.675000000 0.000000000 0.000008550
0.680000000 0.000000000 0.000006974
0.685000000 0.000000000 0.000005669
0.690000000 0.000000000 0.000004591
0.695000000 0.000000000 0.000003704
0.700000000 0.000000000 0.000002977
0.705000000 0.000000000 0.000002384
0.710000000 0.000000000 0.000001901
0.715000000 0.000000000 0.000001509
0.720000000 0.000000000 0.000001193
0.725000000 0.000000000 0.000000939
0.730000000 0.000000000 0.000000735
0.735000000 0.000000000 0.000000573
0.740000000 0.000000000 0.000000444
0.745000000 0.000000000 0.000000343
0.750000000 0.000000000 0.000000263
0.755000000 0.000000000 0.000000201
0.760000000 0.000000000 0.000000152
0.765000000 0.000000000 0.000000115
0.770000000 0.000000000 0.000000086
0.775000000 0.000000000 0.000000064
0.780000000 0.000000000 0.000000047
0.785000000 0.000000000 0.000000035
0.790000000 0.000000000 0.000000025
0.795000000 0.000000000 0.000000018
0.800000000 0.000000000 0.000000013
0.805000000 0.000000000 0.000000009
0.810000000 0.000000000 0.000000006
0.815000000 0.000000000 0.000000005
0.820000000 0.000000000 0.000000003
0.825000000 0.000000000 0.000000002
0.830000000 0.000000000 0.000000001
0.835000000 0.000000000 0.000000001
0.840000000 0.000000000 0.000000001
0.845000000 0.000000000 0.000000000
0.850000000 0.000000000 0.000000000
0.855000000 0.000000000 0.000000000
0.860000000 0.000000000 0.000000000
0.865000000 0.000000000 0.000000000
0.870000000 0.000000000 0.000000000
0.875000000 0.000000000 0.000000000
0.880000000 0.000000000 0.000000000
0.885000000 0.000000000 0.000000000
0.890000000 0.000000000 0.000000000
0.895000000 0.000000000 0.000000000
0.900000000 0.000000000 0.000000000
0.905000000 0.000000000 0.000000000
0.910000000 0.000000000 0.000000000
0.915000000 0.000000000 0.000000000
0.920000000 0.000000000 0.000000000
0.925000000 0.000000000 0.000000000
0.930000000 0.000000000 0.000000000
0.935000000 0.000000000 0.000000000
0.940000000 0.000000000 0.000000000
0.945000000 0.000000000 0.000000000
0.950000000 0.000000000 0.000000000
0.955000000 0.000000000 0.000000000
0.960000000 0.000000000 0.000000000
0.965000000 0.000000000 0.000000000
0.970000000 0.000000000 0.000000000
0.975000000 0.000000000 0.000000000
0.980000000 0.000000000 0.000000000
0.985000000 0.000000000 0.000000000
0.990000000 0.000000000 0.000000000
0.995000000 0.000000000 0.000000000
1.000000000 0.000000000 0.000000000

4 3
201
0.000000000 1.000000000 1.000000000
0.005000000 0.932500000 0.997136641
0.010000000 0.854500000 0.989067108
0.015000000 0.781500000 0.976516411
0.020000000 0.708500000 0.960139833
0.025000000 0.679000000 0.940528443
0.030000000 0.606000000 0.918214224
0.035000000 0.566000000 0.893674866
0.040000000 0.512500000 0.867338208
0.045000000 0.483000000 0.839586381
0.050000000 0.442000000 0.810759653
0.055000000 0.418500000 0.781159999
0.060000000 0.376000000 0.751054418
0.065000000 0.350500000 0.720677997
0.070000000 0.325500000 0.690236767
0.075000000 0.291500000 0.659910328
0.080000000 0.269500000 0.629854289
0.085000000 0.240000000 0.600202517
0.090000000 0.200500000 0.571069212
0.095000000 0.210000000 0.542550829
0.100000000 0.191500000 0.514727830
0.105000000 0.169000000 0.487666320
0.110000000 0.118000000 0.461419531
0.115000000 0.143500000 0.436029193
0.120000000 0.126500000 0.411526791
0.125000000 0.104500000 0.387934714
0.130000000 0.109500000 0.365267309
0.135000000 0.104000000 0.343531836
0.140000000 0.084500000 0.322729349
0.145000000 0.091000000 0.302855490
0.150000000 0.065000000 0.283901212
0.155000000 0.073000000 0.265853440
0.160000000 0.064000000 0.248695661
0.165000000 0.054000000 0.232408464
0.170000000 0.053500000 0.216970025
0.175000000 0.041000000 0.202356537
0.180000000 0.047500000 0.188542608
0.185000000 0.046000000 0.175501603
0.190000000 0.033000000 0.163205959
0.195000000 0.029000000 0.151627462
0.200000000 0.024000000 0.140737488
0.205000000 0.030500000 0.130507221
0.210000000 0.022500000 0.120907841
0.215000000 0.019000000 0.111910688
0.220000000 0.017500000 0.103487405
0.225000000 0.015000000 0.095610061
0.230000000 0.014500000 0.088251255
0.235000000 0.014500000 0.081384202
0.240000000 0.009000000 0.074982811
0.245000000 0.013500000 0.069021738
0.250000000 0.009500000 0.063476440
0.255000000 0.010000000 0.058323209
0.260000000 0.008000000 0.053539200
0.265000000 0.006000000 0.049102451
0.270000000 0.006500000 0.044991894
0.275000000 0.006000000 0.041187361
0.280000000 0.008000000 0.037669581
0.285000000 0.002000000 0.034420176
0.290000000 0.004500000 0.031421652
0.295000000 0.006000000 0.028657381
0.300000000 0.002000000 0.026111588
0.305000000 0.002000000 0.023769330
0.310000000 0.006000000 0.021616472
0.315000000 0.001000000 0.019639664
0.320000000 0.001000000 0.017826319
0.325000000 0.003500000 0.016164581
0.330000000 0.002500000 0.014643302
0.335000000 0.001500000 0.013252009
0.340000000 0.000000000 0.011980884
0.345000000 0.000500000 0.010820728
0.350000000 0.000500000 0.009762934
0.355000000 0.000500000 0.008799465
0.360000000 0.000000000 0.007922816
0.365000000 0.000000000 0.007125997
0.370000000 0.000500000 0.006402499
0.375000000 0.001000000 0.005746272
0.380000000 0.000000000 0.005151695
0.385000000 0.000500000 0.004613559
0.390000000 0.001000000 0.004127034
0.395000000 0.000000000 0.003687656
0.400000000 0.001000000 0.003291295
0.405000000 0.000000000 0.002934141
0.410000000 0.000000000 0.002612680
0.415000000 0.000500000 0.002323677
0.420000000 0.000000000 0.002064157
0.425000000 0.000000000 0.001831385
0.430000000 0.000500000 0.001622853
0.435000000 0.000000000 0.001436261
0.440000000 0.000000000 0.001269504
0.445000000 0.000000000 0.001120658
0.450000000 0.000000000 0.000987966
0.455000000 0.000000000 0.000869825
0.460000000 0.000000000 0.000764775
0.465000000 0.000000000 0.000671487
0.470000000 0.000000000 0.000588754
0.475000000 0.000000000 0.000515481
0.480000000 0.000000000 0.000450676
0.485000000 0.000000000 0.000393438
0.490000000 0.000000000 0.000342957
0.495000000 0.000000000 0.000298497
0.500000000 0.000000000 0.000259399
0.505000000 0.000000000 0.000225067
0.510000000 0.000000000 0.000194965
0.515000000 0.000000000 0.000168613
0.520000000 0.000000000 0.000145580
0.525000000 0.000000000 0.000125479
0.530000000 0.000000000 0.000107967
0.535000000 0.000000000 0.000092735
0.540000000 0.000000000 0.000079508
0.545000000 0.000000000 0.000068042
0.550000000 0.000000000 0.000058121
0.555000000 0.000000000 0.000049551
0.560000000 0.000000000 0.000042162
0.565000000 0.000000000 0.000035803
0.570000000 0.000000000 0.000030341
0.575000000 0.000000000 0.000025659
0.580000000 0.000000000 0.000021653
0.585000000 0.000000000 0.000018232
0.590000000 0.000000000 0.000015318
0.595000000 0.000000000 0.000012840
0.600000000 0.000000000 0.000010737
0.605000000 0.000000000 0.000008958
0.610000000 0.000000000 0.000007455
0.615000000 0.000000000 0.000006188
0.620000000 0.000000000 0.000005124
0.625000000 0.000000000 0.000004231
0.630000000 0.000000000 0.000003485
0.635000000 0.000000000 0.000002862
0.640000000 0.000000000 0.000002343
0.645000000 0.000000000 0.000001913
0.650000000 0.000000000 0.000001558
0.655000000 0.000000000 0.000001264
0.660000000 0.000000000 0.000001022
0.665000000 0.000000000 0.000000824
0.670000000 0.000000000 0.000000662
0.675000000 0.000000000 0.000000530
0.680000000 0.000000000 0.000000423
0.685000000 0.000000000 0.000000336
0.690000000 0.000000000 0.000000266
0.695000000 0.000000000 0.000000210
0.700000000 0.000000000 0.000000165
0.705000000 0.000000000 0.000000129
0.710000000 0.000000000 0.000000101
0.715000000 0.000000000 0.000000078
0.720000000 0.000000000 0.000000060
0.725000000 0.000000000 0.000000046
0.730000000 0.000000000 0.000000035
0.735000000 0.000000000 0.000000027
0.740000000 0.000000000 0.000000020
0.745000000 0.000000000 0.000000015
0.750000000 0.000000000 0.000000011
0.755000000 0.000000000 0.000000008
0.760000000 0.000000000 0.000000006
0.765000000 0.000000000 0.000000005
0.770000000 0.000000000 0.000000003
0.775000000 0.000000000 0.000000002
0.780000000 0.000000000 0.000000002
0.785000000 0.000000000 0.000000001
0.790000000 0.000000000 0.000000001
0.795000000 0.000000000 0.000000001
0.800000000 0.000000000 0.000000000
0.805000000 0.000000000 0.000000000
0.810000000 0.000000000 0.000000000
0.815000000 0.000000000 0.000000000
0.820000000 0.000000000 0.000000000
0.825000000 0.000000000 0.000000000
0.830000000 0.000000000 0.000000000
0.835000000 0.000000000 0.000000000
0.840000000 0.000000000 0.000000000
0.845000000 0.000000000 0.000000000
0.850000000 0.000000000 0.000000000
0.855000000 0.000000000 0.000000000
0.860000000 0.000000000 0.000000000
0.865000000 0.000000000 0.000000000
0.870000000 0.000000000 0.000000000
0.875000000 0.000000000 0.000000000
0.880000000 0.000000000 0.000000000
0.885000000 0.000000000 0.000000000
0.890000000 0.000000000 0.000000000
0.895000000 0.000000000 0.000000000
0.900000000 0.000000000 0.000000000
0.905000000 0.000000000 0.000000000
0.910000000 0.000000000 0.000000000
0.915000000 0.000000000 0.000000000
0.920000000 0.000000000 0.000000000
0.925000000 0.000000000 0.000000000
0.930000000 0.000000000 0.000000000
0.935000000 0.000000000 0.000000000
0.940000000 0.000000000 0.000000000
0.945000000 0.000000000 0.000000000
0.950000000 0.000000000 0.000000000
0.955000000 0.000000000 0.000000000
0.960000000 0.000000000 0.000000000
0.965000000 0.000000000 0.000000000
0.970000000 0.000000000 0.000000000
0.975000000 0.000000000 0.000000000
0.980000000 0.000000000 0.000000000
0.985000000 0.000000000 0.000000000
0.990000000 0.000000000 0.000000000
0.995000000 0.000000000 0.000000000
1.000000000 0.000000000 0.000000000

4 4
201
0.000000000 1.000000000 1.000000000
0.005000000 0.923000000 0.922931124
0.010000000 0.861500000 0.851457771
0.015000000 0.789500000 0.785198910
0.020000000 0.717000000 0.723797721
0.025000000 0.668500000 0.666920168
0.030000000 0.603000000 0.614253653
0.035000000 0.557000000 0.565505735
0.040000000 0.517500000 0.520402925
0.045000000 0.484500000 0.478689548
0.050000000 0.426000000 0.440126669
0.055000000 0.395500000 0.404491068
0.060000000 0.383000000 0.371574291
0.065000000 0.326000000 0.341181735
0.070000000 0.328500000 0.313131802
0.075000000 0.295500000 0.287255084
0.080000000 0.280500000 0.263393612
0.085000000 0.251500000 0.241400133
0.090000000 0.204500000 0.221137440
0.095000000 0.211500000 0.202477732
0.100000000 0.183500000 0.185302019
0.105000000 0.162500000 0.169499556
0.110000000 0.158500000 0.154967314
0.115000000 0.147500000 0.141609481
0.120000000 0.115000000 0.129336991
0.125000000 0.114500000 0.118067087
0.130000000 0.108500000 0.107722901
0.135000000 0.086500000 0.098233071
0.140000000 0.099000000 0.089531368
0.145000000 0.083000000 0.081556360
0.150000000 0.085000000 0.074251086
0.155000000 0.074500000 0.067562754
0.160000000 0.057500000 0.061442457
0.165000000 0.060500000 0.055844912
0.170000000 0.051500000 0.050728203
0.175000000 0.043500000 0.046053557
0.180000000 0.040500000 0.041785119
0.185000000 0.035500000 0.037889750
0.190000000 0.036500000 0.034336838
0.195000000 0.029000000 0.031098116
0.200000000 0.024500000 0.028147498
0.205000000 0.022500000 0.025460918
0.210000000 0.024500000 0.023016191
0.215000000 0.015000000 0.020792873
0.220000000 0.019000000 0.018772134
0.225000000 0.013500000 0.016936639
0.230000000 0.013500000 0.015270442
0.235000000 0.016000000 0.013758876
0.240000000 0.009500000 0.012388464
0.245000000 0.008000000 0.011146826
0.250000000 0.007500000 0.010022596
0.255000000 0.006500000 0.009005345
0.260000000 0.007000000 0.008085512
0.265000000 0.006000000 0.007254332
0.270000000 0.007000000 0.006503779
0.275000000 0.007000000 0.005826505
0.280000000 0.005000000 0.005215788
0.285000000 0.006500000 0.004665484
0.290000000 0.002500000 0.004169976
0.295000000 0.002000000 0.003724139
0.300000000 0.004500000 0.003323293
0.305000000 0.002500000 0.002963172
0.310000000 0.001500000 0.002639888
0.315000000 0.001000000 0.002349899
0.320000000 0.002500000 0.002089982
0.325000000 0.001500000 0.001857207
0.330000000 0.001500000 0.001648910
0.335000000 0.002000000 0.001462670
0.340000000 0.001500000 0.001296292
0.345000000 0.000500000 0.001147786
0.350000000 0.002500000 0.001015345
0.355000000 0.001500000 0.000897337
0.360000000 0.000500000 0.000792282
0.365000000 0.001000000 0.000698843
0.370000000 0.000000000 0.000615813
0.375000000 0.002000000 0.000542101
0.380000000 0.000500000 0.000476724
0.385000000 0.000000000 0.000418795
0.390000000 0.001000000 0.000367517
0.395000000 0.000000000 0.000322171
0.400000000 0.000000000 0.000282111
0.405000000 0.000500000 0.000246758
0.410000000 0.000000000 0.000215592
0.415000000 0.000000000 0.000188146
0.420000000 0.000500000 0.000164002
0.425000000 0.000000000 0.000142786
0.430000000 0.000000000 0.000124165
0.435000000 0.000000000 0.000107839
0.440000000 0.000000000 0.000093542
0.445000000 0.000000000 0.000081038
0.450000000 0.000500000 0.000070114
0.455000000 0.000000000 0.000060582
0.460000000 0.000000000 0.000052276
0.465000000 0.000000000 0.000045046
0.470000000 0.000000000 0.000038763
0.475000000 0.000000000 0.000033308
0.480000000 0.000000000 0.000028579
0.485000000 0.000000000 0.000024486
0.490000000 0.000000000 0.000020947
0.495000000 0.000000000 0.000017892
0.500000000 0.000000000 0.000015259
0.505000000 0.000000000 0.000012992
0.510000000 0.000000000 0.000011044
0.515000000 0.000000000 0.000009373
0.520000000 0.000000000 0.000007941
0.525000000 0.000000000 0.000006716
0.530000000 0.000000000 0.000005670
0.535000000 0.000000000 0.000004778
0.540000000 0.000000000 0.000004019
0.545000000 0.000000000 0.000003374
0.550000000 0.000000000 0.000002827
0.555000000 0.000000000 0.000002365
0.560000000 0.000000000 0.000001974
0.565000000 0.000000000 0.000001644
0.570000000 0.000000000 0.000001366
0.575000000 0.000000000 0.000001133
0.580000000 0.000000000 0.000000938
0.585000000 0.000000000 0.000000774
0.590000000 0.000000000 0.000000638
0.595000000 0.000000000 0.000000524
0.600000000 0.000000000 0.000000429
0.605000000 0.000000000 0.000000351
0.610000000 0.000000000 0.000000286
0.615000000 0.000000000 0.000000233
0.620000000 0.000000000 0.000000189
0.625000000 0.000000000 0.000000153
0.630000000 0.000000000 0.000000123
0.635000000 0.000000000 0.000000099
0.640000000 0.000000000 0.000000080
0.645000000 0.000000000 0.000000064
0.650000000 0.000000000 0.000000051
0.655000000 0.000000000 0.000000040
0.660000000 0.000000000 0.000000032
0.665000000 0.000000000 0.000000025
0.670000000 0.000000000 0.000000020
0.675000000 0.000000000 0.000000015
0.680000000 0.000000000 0.000000012
0.685000000 0.000000000 0.000000009
0.690000000 0.000000000 0.000000007
0.695000000 0.000000000 0.000000006
0.700000000 0.000000000 0.000000004
0.705000000 0.000000000 0.000000003
0.710000000 0.000000000 0.000000003
0.715000000 0.000000000 0.000000002
0.720000000 0.000000000 0.000000001
0.725000000 0.000000000 0.000000001
0.730000000 0.000000000 0.000000001
0.735000000 0.000000000 0.000000001
0.740000000 0.000000000 0.000000000
0.745000000 0.000000000 0.000000000
0.750000000 0.000000000 0.000000000
0.755000000 0.000000000 0.000000000
0.760000000 0.000000000 0.000000000
0.765000000 0.000000000 0.000000000
0.770000000 0.000000000 0.000000000
0.775000000 0.000000000 0.000000000
0.780000000 0.000000000 0.000000000
0.785000000 0.000000000 0.000000000
0.790000000 0.000000000 0.000000000
0.795000000 0.000000000 0.000000000
0.800000000 0.000000000 0.000000000
0.805000000 0.000000000 0.000000000
0.810000000 0.000000000 0.000000000
0.815000000 0.000000000 0.000000000
0.820000000 0.000000000 0.000000000
0.825000000 0.000000000 0.000000000
0.830000000 0.000000000 0.000000000
0.835000000 0.000000000 0.000000000
0.840000000 0.000000000 0.000000000
0.845000000 0.000000000 0.000000000
0.850000000 0.000000000 0.000000000
0.855000000 0.000000000 0.000000000
0.860000000 0.000000000 0.000000000
0.865000000 0.000000000 0.000000000
0.870000000 0.000000000 0.000000000
0.875000000 0.000000000 0.000000000
0.880000000 0.000000000 0.000000000
0.885000000 0.000000000 0.000000000
0.890000000 0.000000000 0.000000000
0.895000000 0.000000000 0.000000000
0.900000000 0.000000000 0.000000000
0.905000000 0.000000000 0.000000000
0.910000000 0.000000000 0.000000000
0.915000000 0.000000000 0.000000000
0.920000000 0.000000000 0.000000000
0.925000000 0.000000000 0.000000000
0.930000000 0.000000000 0.000000000
0.935000000 0.000000000 0.000000000
0.940000000 0.000000000 0.000000000
0.945000000 0.000000000 0.000000000
0.950000000 0.000000000 0.000000000
0.955000000 0.000000000 0.000000000
0.960000000 0.000000000 0.000000000
0.965000000 0.000000000 0.000000000
0.970000000 0.000000000 0.000000000
0.975000000 0.000000000 0.000000000
0.980000000 0.000000000 0.000000000
0.985000000 0.000000000 0.000000000
0.990000000 0.000000000 0.000000000
0.995000000 0.000000000 0.000000000
1.000000000 0.000000000 0.000000000

