9
9 0
67
0.000000000 1.000000000
0.010000000 1.000000000
0.020000000 1.000000000
0.030000000 1.000000000
0.040000000 1.000000000
0.050000000 1.000000000
0.060000000 1.000000000
0.070000000 1.000000000
0.080000000 1.000000000
0.090000000 1.000000000
0.100000000 1.000000000
0.110000000 1.000000000
0.120000000 1.000000000
0.130000000 1.000000000
0.140000000 1.000000000
0.150000000 1.000000000
0.160000000 1.000000000
0.170000000 1.000000000
0.180000000 1.000000000
0.190000000 1.000000000
0.200000000 1.000000000
0.210000000 1.000000000
0.220000000 1.000000000
0.230000000 1.000000000
0.240000000 1.000000000
0.250000000 1.000000000
0.260000000 1.000000000
0.270000000 1.000000000
0.280000000 1.000000000
0.290000000 1.000000000
0.300000000 1.000000000
0.310000000 1.000000000
0.320000000 1.000000000
0.330000000 1.000000000
0.340000000 1.000000000
0.350000000 1.000000000
0.360000000 1.000000000
0.370000000 1.000000000
0.380000000 1.000000000
0.390000000 1.000000000
0.400000000 1.000000000
0.410000000 1.000000000
0.420000000 1.000000000
0.430000000 0.997000000
0.440000000 0.998000000
0.450000000 0.992000000
0.460000000 0.950000000
0.470000000 0.899000000
0.480000000 0.803000000
0.490000000 0.639000000
0.500000000 0.491000000
0.510000000 0.313000000
0.520000000 0.153000000
0.530000000 0.088000000
0.540000000 0.040000000
0.550000000 0.015000000
0.560000000 0.008000000
0.570000000 0.000000000
0.580000000 0.000000000
0.590000000 0.000000000
0.600000000 0.000000000
0.610000000 0.000000000
0.620000000 0.000000000
0.630000000 0.000000000
0.640000000 0.000000000
0.650000000 0.000000000
0.660000000 0.000000000

9 1
67
0.000000000 1.000000000
0.010000000 1.000000000
0.020000000 1.000000000
0.030000000 1.000000000
0.040000000 1.000000000
0.050000000 1.000000000
0.060000000 1.000000000
0.070000000 1.000000000
0.080000000 1.000000000
0.090000000 1.000000000
0.100000000 1.000000000
0.110000000 1.000000000
0.120000000 1.000000000
0.130000000 1.000000000
0.140000000 1.000000000
0.150000000 1.000000000
0.160000000 1.000000000
0.170000000 1.000000000
0.180000000 1.000000000
0.190000000 1.000000000
0.200000000 1.000000000
0.210000000 1.000000000
0.220000000 1.000000000
0.230000000 1.000000000
0.240000000 1.000000000
0.250000000 1.000000000
0.260000000 0.998000000
0.270000000 0.998000000
0.280000000 0.995000000
0.290000000 0.974000000
0.300000000 0.953000000
0.310000000 0.927000000
0.320000000 0.848000000
0.330000000 0.770000000
0.340000000 0.699000000
0.350000000 0.568000000
0.360000000 0.456000000
0.370000000 0.352000000
0.380000000 0.259000000
0.390000000 0.158000000
0.400000000 0.112000000
0.410000000 0.060000000
0.420000000 0.039000000
0.430000000 0.018000000
0.440000000 0.012000000
0.450000000 0.008000000
0.460000000 0.005000000
0.470000000 0.001000000
0.480000000 0.003000000
0.490000000 0.001000000
0.500000000 0.000000000
0.510000000 0.000000000
0.520000000 0.001000000
0.530000000 0.000000000
0.540000000 0.000000000
0.550000000 0.000000000
0.560000000 0.000000000
0.570000000 0.000000000
0.580000000 0.000000000
0.590000000 0.000000000
0.600000000 0.000000000
0.610000000 0.000000000
0.620000000 0.000000000
0.630000000 0.000000000
0.640000000 0.000000000
0.650000000 0.000000000
0.660000000 0.000000000

9 2
67
0.000000000 1.000000000
0.010000000 1.000000000
0.020000000 1.000000000
0.030000000 1.000000000
0.040000000 1.000000000
0.050000000 1.000000000
0.060000000 1.000000000
0.070000000 1.000000000
0.080000000 1.000000000
0.090000000 1.000000000
0.100000000 1.000000000
0.110000000 0.998000000
0.120000000 0.999000000
0.130000000 0.993000000
0.140000000 0.974000000
0.150000000 0.922000000
0.160000000 0.822000000
0.170000000 0.711000000
0.180000000 0.511000000
0.190000000 0.369000000
0.200000000 0.245000000
0.210000000 0.129000000
0.220000000 0.078000000
0.230000000 0.034000000
0.240000000 0.023000000
0.250000000 0.005000000
0.260000000 0.000000000
0.270000000 0.000000000
0.280000000 0.001000000
0.290000000 0.000000000
0.300000000 0.000000000
0.310000000 0.000000000
0.320000000 0.000000000
0.330000000 0.000000000
0.340000000 0.000000000
0.350000000 0.000000000
0.360000000 0.000000000
0.370000000 0.000000000
0.380000000 0.000000000
0.390000000 0.000000000
0.400000000 0.000000000
0.410000000 0.000000000
0.420000000 0.000000000
0.430000000 0.000000000
0.440000000 0.000000000
0.450000000 0.000000000
0.460000000 0.000000000
0.470000000 0.000000000
0.480000000 0.000000000
0.490000000 0.000000000
0.500000000 0.000000000
0.510000000 0.000000000
0.520000000 0.000000000
0.530000000 0.000000000
0.540000000 0.000000000
0.550000000 0.000000000
0.560000000 0.000000000
0.570000000 0.000000000
0.580000000 0.000000000
0.590000000 0.000000000
0.600000000 0.000000000
0.610000000 0.000000000
0.620000000 0.000000000
0.630000000 0.000000000
0.640000000 0.000000000
0.650000000 0.000000000
0.660000000 0.000000000

9 3
67
0.000000000 1.000000000
0.010000000 1.000000000
0.020000000 1.000000000
0.030000000 1.000000000
0.040000000 0.997000000
0.050000000 0.989000000
0.060000000 0.940000000
0.070000000 0.768000000
0.080000000 0.502000000
0.090000000 0.268000000
0.100000000 0.111000000
0.110000000 0.028000000
0.120000000 0.010000000
0.130000000 0.002000000
0.140000000 0.002000000
0.150000000 0.000000000
0.160000000 0.000000000
0.170000000 0.000000000
0.180000000 0.000000000
0.190000000 0.000000000
0.200000000 0.000000000
0.210000000 0.000000000
0.220000000 0.000000000
0.230000000 0.000000000
0.240000000 0.000000000
0.250000000 0.000000000
0.260000000 0.000000000
0.270000000 0.000000000
0.280000000 0.000000000
0.290000000 0.000000000
0.300000000 0.000000000
0.310000000 0.000000000
0.320000000 0.000000000
0.330000000 0.000000000
0.340000000 0.000000000
0.350000000 0.000000000
0.360000000 0.000000000
0.370000000 0.000000000
0.380000000 0.000000000
0.390000000 0.000000000
0.400000000 0.000000000
0.410000000 0.000000000
0.420000000 0.000000000
0.430000000 0.000000000
0.440000000 0.000000000
0.450000000 0.000000000
0.460000000 0.000000000
0.470000000 0.000000000
0.480000000 0.000000000
0.490000000 0.000000000
0.500000000 0.000000000
0.510000000 0.000000000
0.520000000 0.000000000
0.530000000 0.000000000
0.540000000 0.000000000
0.550000000 0.000000000
0.560000000 0.000000000
0.570000000 0.000000000
0.580000000 0.000000000
0.590000000 0.000000000
0.600000000 0.000000000
0.610000000 0.000000000
0.620000000 0.000000000
0.630000000 0.000000000
0.640000000 0.000000000
0.650000000 0.000000000
0.660000000 0.000000000

9 4
67
0.000000000 1.000000000
0.010000000 1.000000000
0.020000000 0.967000000
0.030000000 0.681000000
0.040000000 0.253000000
0.050000000 0.050000000
0.060000000 0.006000000
0.070000000 0.000000000
0.080000000 0.000000000
0.090000000 0.000000000
0.100000000 0.000000000
0.110000000 0.000000000
0.120000000 0.000000000
0.130000000 0.000000000
0.140000000 0.000000000
0.150000000 0.000000000
0.160000000 0.000000000
0.170000000 0.000000000
0.180000000 0.000000000
0.190000000 0.000000000
0.200000000 0.000000000
0.210000000 0.000000000
0.220000000 0.000000000
0.230000000 0.000000000
0.240000000 0.000000000
0.250000000 0.000000000
0.260000000 0.000000000
0.270000000 0.000000000
0.280000000 0.000000000
0.290000000 0.000000000
0.300000000 0.000000000
0.310000000 0.000000000
0.320000000 0.000000000
0.330000000 0.000000000
0.340000000 0.000000000
0.350000000 0.000000000
0.360000000 0.000000000
0.370000000 0.000000000
0.380000000 0.000000000
0.390000000 0.000000000
0.400000000 0.000000000
0.410000000 0.000000000
0.420000000 0.000000000
0.430000000 0.000000000
0.440000000 0.000000000
0.450000000 0.000000000
0.460000000 0.000000000
0.470000000 0.000000000
0.480000000 0.000000000
0.490000000 0.000000000
0.500000000 0.000000000
0.510000000 0.000000000
0.520000000 0.000000000
0.530000000 0.000000000
0.540000000 0.000000000
0.550000000 0.000000000
0.560000000 0.000000000
0.570000000 0.000000000
0.580000000 0.000000000
0.590000000 0.000000000
0.600000000 0.000000000
0.610000000 0.000000000
0.620000000 0.000000000
0.630000000 0.000000000
0.640000000 0.000000000
0.650000000 0.000000000
0.660000000 0.000000000

9 5
67
0.000000000 1.000000000
0.010000000 0.863000000
0.020000000 0.212000000
0.030000000 0.012000000
0.040000000 0.001000000
0.050000000 0.000000000
0.060000000 0.000000000
0.070000000 0.000000000
0.080000000 0.000000000
0.090000000 0.000000000
0.100000000 0.000000000
0.110000000 0.000000000
0.120000000 0.000000000
0.130000000 0.000000000
0.140000000 0.000000000
0.150000000 0.000000000
0.160000000 0.000000000
0.170000000 0.000000000
0.180000000 0.000000000
0.190000000 0.000000000
0.200000000 0.000000000
0.210000000 0.000000000
0.220000000 0.000000000
0.230000000 0.000000000
0.240000000 0.000000000
0.250000000 0.000000000
0.260000000 0.000000000
0.270000000 0.000000000
0.280000000 0.000000000
0.290000000 0.000000000
0.300000000 0.000000000
0.310000000 0.000000000
0.320000000 0.000000000
0.330000000 0.000000000
0.340000000 0.000000000
0.350000000 0.000000000
0.360000000 0.000000000
0.370000000 0.000000000
0.380000000 0.000000000
0.390000000 0.000000000
0.400000000 0.000000000
0.410000000 0.000000000
0.420000000 0.000000000
0.430000000 0.000000000
0.440000000 0.000000000
0.450000000 0.000000000
0.460000000 0.000000000
0.470000000 0.000000000
0.480000000 0.000000000
0.490000000 0.000000000
0.500000000 0.000000000
0.510000000 0.000000000
0.520000000 0.000000000
0.530000000 0.000000000
0.540000000 0.000000000
0.550000000 0.000000000
0.560000000 0.000000000
0.570000000 0.000000000
0.580000000 0.000000000
0.590000000 0.000000000
0.600000000 0.000000000
0.610000000 0.000000000
0.620000000 0.000000000
0.630000000 0.000000000
0.640000000 0.000000000
0.650000000 0.000000000
0.660000000 0.000000000

9 6
67
0.000000000 1.000000000
0.010000000 0.235000000
0.020000000 0.003000000
0.030000000 0.000000000
0.040000000 0.000000000
0.050000000 0.000000000
0.060000000 0.000000000
0.070000000 0.000000000
0.080000000 0.000000000
0.090000000 0.000000000
0.100000000 0.000000000
0.110000000 0.000000000
0.120000000 0.000000000
0.130000000 0.000000000
0.140000000 0.000000000
0.150000000 0.000000000
0.160000000 0.000000000
0.170000000 0.000000000
0.180000000 0.000000000
0.190000000 0.000000000
0.200000000 0.000000000
0.210000000 0.000000000
0.220000000 0.000000000
0.230000000 0.000000000
0.240000000 0.000000000
0.250000000 0.000000000
0.260000000 0.000000000
0.270000000 0.000000000
0.280000000 0.000000000
0.290000000 0.000000000
0.300000000 0.000000000
0.310000000 0.000000000
0.320000000 0.000000000
0.330000000 0.000000000
0.340000000 0.000000000
0.350000000 0.000000000
0.360000000 0.000000000
0.370000000 0.000000000
0.380000000 0.000000000
0.390000000 0.000000000
0.400000000 0.000000000
0.410000000 0.000000000
0.420000000 0.000000000
0.430000000 0.000000000
0.440000000 0.000000000
0.450000000 0.000000000
0.460000000 0.000000000
0.470000000 0.000000000
0.480000000 0.000000000
0.490000000 0.000000000
0.500000000 0.000000000
0.510000000 0.000000000
0.520000000 0.000000000
0.530000000 0.000000000
0.540000000 0.000000000
0.550000000 0.000000000
0.560000000 0.000000000
0.570000000 0.000000000
0.580000000 0.000000000
0.590000000 0.000000000
0.600000000 0.000000000
0.610000000 0.000000000
0.620000000 0.000000000
0.630000000 0.000000000
0.640000000 0.000000000
0.650000000 0.000000000
0.660000000 0.000000000

9 7
67
0.000000000 1.000000000
0.010000000 0.029000000
0.020000000 0.001000000
0.030000000 0.000000000
0.040000000 0.000000000
0.050000000 0.000000000
0.060000000 0.000000000
0.070000000 0.000000000
0.080000000 0.000000000
0.090000000 0.000000000
0.100000000 0.000000000
0.110000000 0.000000000
0.120000000 0.000000000
0.130000000 0.000000000
0.140000000 0.000000000
0.150000000 0.000000000
0.160000000 0.000000000
0.170000000 0.000000000
0.180000000 0.000000000
0.190000000 0.000000000
0.200000000 0.000000000
0.210000000 0.000000000
0.220000000 0.000000000
0.230000000 0.000000000
0.240000000 0.000000000
0.250000000 0.000000000
0.260000000 0.000000000
0.270000000 0.000000000
0.280000000 0.000000000
0.290000000 0.000000000
0.300000000 0.000000000
0.310000000 0.000000000
0.320000000 0.000000000
0.330000000 0.000000000
0.340000000 0.000000000
0.350000000 0.000000000
0.360000000 0.000000000
0.370000000 0.000000000
0.380000000 0.000000000
0.390000000 0.000000000
0.400000000 0.000000000
0.410000000 0.000000000
0.420000000 0.000000000
0.430000000 0.000000000
0.440000000 0.000000000
0.450000000 0.000000000
0.460000000 0.000000000
0.470000000 0.000000000
0.480000000 0.000000000
0.490000000 0.000000000
0.500000000 0.000000000
0.510000000 0.000000000
0.520000000 0.000000000
0.530000000 0.000000000
0.540000000 0.000000000
0.550000000 0.000000000
0.560000000 0.000000000
0.570000000 0.000000000
0.580000000 0.000000000
0.590000000 0.000000000
0.600000000 0.000000000
0.610000000 0.000000000
0.620000000 0.000000000
0.630000000 0.000000000
0.640000000 0.000000000
0.650000000 0.000000000
0.660000000 0.000000000

9 8
67
0.000000000 1.000000000
0.010000000 0.005000000
0.020000000 0.000000000
0.030000000 0.000000000
0.040000000 0.000000000
0.050000000 0.000000000
0.060000000 0.000000000
0.070000000 0.000000000
0.080000000 0.000000000
0.090000000 0.000000000
0.100000000 0.000000000
0.110000000 0.000000000
0.120000000 0.000000000
0.130000000 0.000000000
0.140000000 0.000000000
0.150000000 0.000000000
0.160000000 0.000000000
0.170000000 0.000000000
0.180000000 0.000000000
0.190000000 0.000000000
0.200000000 0.000000000
0.210000000 0.000000000
0.220000000 0.000000000
0.230000000 0.000000000
0.240000000 0.000000000
0.250000000 0.000000000
0.260000000 0.000000000
0.270000000 0.000000000
0.280000000 0.000000000
0.290000000 0.000000000
0.300000000 0.000000000
0.310000000 0.000000000
0.320000000 0.000000000
0.330000000 0.000000000
0.340000000 0.000000000
0.350000000 0.000000000
0.360000000 0.000000000
0.370000000 0.000000000
0.380000000 0.000000000
0.390000000 0.000000000
0.400000000 0.000000000
0.410000000 0.000000000
0.420000000 0.000000000
0.430000000 0.000000000
0.440000000 0.000000000
0.450000000 0.000000000
0.460000000 0.000000000
0.470000000 0.000000000
0.480000000 0.000000000
0.490000000 0.000000000
0.500000000 0.000000000
0.510000000 0.000000000
0.520000000 0.000000000
0.530000000 0.000000000
0.540000000 0.000000000
0.550000000 0.000000000
0.560000000 0.000000000
0.570000000 0.000000000
0.580000000 0.000000000
0.590000000 0.000000000
0.600000000 0.000000000
0.610000000 0.000000000
0.620000000 0.000000000
0.630000000 0.000000000
0.640000000 0.000000000
0.650000000 0.000000000
0.660000000 0.000000000

9 9
67
0.000000000 1.000000000
0.010000000 0.004000000
0.020000000 0.001000000
0.030000000 0.000000000
0.040000000 0.000000000
0.050000000 0.000000000
0.060000000 0.000000000
0.070000000 0.000000000
0.080000000 0.000000000
0.090000000 0.000000000
0.100000000 0.000000000
0.110000000 0.000000000
0.120000000 0.000000000
0.130000000 0.000000000
0.140000000 0.000000000
0.150000000 0.000000000
0.160000000 0.000000000
0.170000000 0.000000000
0.180000000 0.000000000
0.190000000 0.000000000
0.200000000 0.000000000
0.210000000 0.000000000
0.220000000 0.000000000
0.230000000 0.000000000
0.240000000 0.000000000
0.250000000 0.000000000
0.260000000 0.000000000
0.270000000 0.000000000
0.280000000 0.000000000
0.290000000 0.000000000
0.300000000 0.000000000
0.310000000 0.000000000
0.320000000 0.000000000
0.330000000 0.000000000
0.340000000 0.000000000
0.350000000 0.000000000
0.360000000 0.000000000
0.370000000 0.000000000
0.380000000 0.000000000
0.390000000 0.000000000
0.400000000 0.000000000
0.410000000 0.000000000
0.420000000 0.000000000
0.430000000 0.000000000
0.440000000 0.000000000
0.450000000 0.000000000
0.460000000 0.000000000
0.470000000 0.000000000
0.480000000 0.000000000
0.490000000 0.000000000
0.500000000 0.000000000
0.510000000 0.000000000
0.520000000 0.000000000
0.530000000 0.000000000
0.540000000 0.000000000
0.550000000 0.000000000
0.560000000 0.000000000
0.570000000 0.000000000
0.580000000 0.000000000
0.590000000 0.000000000
0.600000000 0.000000000
0.610000000 0.000000000
0.620000000 0.000000000
0.630000000 0.000000000
0.640000000 0.000000000
0.650000000 0.000000000
0.660000000 0.000000000

