7
7 0
201
0.000000000 1.000000000 1.000000000
0.005000000 1.000000000 1.000000000
0.010000000 1.000000000 1.000000000
0.015000000 1.000000000 1.000000000
0.020000000 1.000000000 1.000000000
0.025000000 1.000000000 1.000000000
0.030000000 1.000000000 1.000000000
0.035000000 1.000000000 1.000000000
0.040000000 1.000000000 1.000000000
0.045000000 1.000000000 1.000000000
0.050000000 1.000000000 1.000000000
0.055000000 1.000000000 1.000000000
0.060000000 1.000000000 1.000000000
0.065000000 1.000000000 1.000000000
0.070000000 1.000000000 1.000000000
0.075000000 1.000000000 1.000000000
0.080000000 1.000000000 1.000000000
0.085000000 1.000000000 1.000000000
0.090000000 1.000000000 1.000000000
0.095000000 1.000000000 1.000000000
0.100000000 1.000000000 1.000000000
0.105000000 1.000000000 1.000000000
0.110000000 1.000000000 1.000000000
0.115000000 1.000000000 1.000000000
0.120000000 1.000000000 1.000000000
0.125000000 1.000000000 1.000000000
0.130000000 1.000000000 1.000000000
0.135000000 1.000000000 1.000000000
0.140000000 1.000000000 1.000000000
0.145000000 1.000000000 1.000000000
0.150000000 1.000000000 1.000000000
0.155000000 1.000000000 1.000000000
0.160000000 1.000000000 1.000000000
0.165000000 1.000000000 1.000000000
0.170000000 1.000000000 1.000000000
0.175000000 1.000000000 1.000000000
0.180000000 1.000000000 1.000000000
0.185000000 1.000000000 1.000000000
0.190000000 1.000000000 1.000000000
0.195000000 1.000000000 1.000000000
0.200000000 1.000000000 1.000000000
0.205000000 1.000000000 1.000000000
0.210000000 1.000000000 1.000000000
0.215000000 1.000000000 1.000000000
0.220000000 1.000000000 1.000000000
0.225000000 1.000000000 1.000000000
0.230000000 1.000000000 1.000000000
0.235000000 1.000000000 1.000000000
0.240000000 1.000000000 1.000000000
0.245000000 1.000000000 1.000000000
0.250000000 1.000000000 1.000000000
0.255000000 1.000000000 0.999999999
0.260000000 1.000000000 0.999999998
0.265000000 1.000000000 0.999999996
0.270000000 1.000000000 0.999999990
0.275000000 1.000000000 0.999999979
0.280000000 1.000000000 0.999999956
0.285000000 1.000000000 0.999999908
0.290000000 1.000000000 0.999999815
0.295000000 1.000000000 0.999999634
0.300000000 1.000000000 0.999999293
0.305000000 1.000000000 0.999998662
0.310000000 1.000000000 0.999997517
0.315000000 1.000000000 0.999995482
0.320000000 1.000000000 0.999991937
0.325000000 1.000000000 0.999985879
0.330000000 1.000000000 0.999975718
0.335000000 1.000000000 0.999958984
0.340000000 1.000000000 0.999931918
0.345000000 1.000000000 0.999888904
0.350000000 0.999500000 0.999821712
0.355000000 0.999000000 0.999718514
0.360000000 0.999500000 0.999562625
0.365000000 0.999500000 0.999330950
0.370000000 0.999500000 0.998992119
0.375000000 0.999500000 0.998504315
0.380000000 0.998500000 0.997812844
0.385000000 0.996000000 0.996847526
0.390000000 0.994000000 0.995520026
0.395000000 0.995500000 0.993721333
0.400000000 0.987000000 0.991319599
0.405000000 0.986500000 0.988158636
0.410000000 0.984500000 0.984057376
0.415000000 0.978500000 0.978810627
0.420000000 0.968500000 0.972191428
0.425000000 0.962500000 0.963955248
0.430000000 0.947500000 0.953846213
0.435000000 0.943000000 0.941605368
0.440000000 0.916500000 0.926980859
0.445000000 0.909000000 0.909739736
0.450000000 0.892500000 0.889680856
0.455000000 0.855500000 0.866648237
0.460000000 0.838500000 0.840544028
0.465000000 0.793000000 0.811340209
0.470000000 0.781500000 0.779088071
0.475000000 0.742500000 0.743924619
0.480000000 0.702500000 0.706075179
0.485000000 0.656000000 0.665851671
0.490000000 0.640000000 0.623646367
0.495000000 0.581500000 0.579921194
0.500000000 0.542500000 0.535193046
0.505000000 0.482000000 0.490015843
0.510000000 0.447000000 0.444960358
0.515000000 0.391500000 0.400593011
0.520000000 0.353000000 0.357454913
0.525000000 0.320000000 0.316042437
0.530000000 0.268000000 0.276790445
0.535000000 0.223000000 0.240059106
0.540000000 0.206500000 0.206124935
0.545000000 0.167000000 0.175176367
0.550000000 0.140000000 0.147313827
0.555000000 0.116500000 0.122553973
0.560000000 0.100000000 0.100837488
0.565000000 0.080000000 0.082039637
0.570000000 0.071000000 0.065982668
0.575000000 0.051500000 0.052449134
0.580000000 0.042000000 0.041195240
0.585000000 0.034500000 0.031963446
0.590000000 0.019500000 0.024493722
0.595000000 0.022000000 0.018533020
0.600000000 0.011000000 0.013842731
0.605000000 0.009000000 0.010204071
0.610000000 0.009500000 0.007421486
0.615000000 0.007500000 0.005324277
0.620000000 0.003500000 0.003766746
0.625000000 0.001000000 0.002627170
0.630000000 0.002500000 0.001805934
0.635000000 0.002500000 0.001223149
0.640000000 0.001500000 0.000815996
0.645000000 0.003000000 0.000536030
0.650000000 0.000500000 0.000346608
0.655000000 0.000000000 0.000220540
0.660000000 0.000000000 0.000138032
0.665000000 0.000000000 0.000084948
0.670000000 0.000000000 0.000051385
0.675000000 0.000000000 0.000030538
0.680000000 0.000500000 0.000017824
0.685000000 0.000000000 0.000010212
0.690000000 0.000000000 0.000005740
0.695000000 0.000000000 0.000003165
0.700000000 0.000000000 0.000001710
0.705000000 0.000000000 0.000000905
0.710000000 0.000000000 0.000000469
0.715000000 0.000000000 0.000000238
0.720000000 0.000000000 0.000000118
0.725000000 0.000000000 0.000000057
0.730000000 0.000000000 0.000000027
0.735000000 0.000000000 0.000000012
0.740000000 0.000000000 0.000000006
0.745000000 0.000000000 0.000000002
0.750000000 0.000000000 0.000000001
0.755000000 0.000000000 0.000000000
0.760000000 0.000000000 0.000000000
0.765000000 0.000000000 0.000000000
0.770000000 0.000000000 0.000000000
0.775000000 0.000000000 0.000000000
0.780000000 0.000000000 0.000000000
0.785000000 0.000000000 0.000000000
0.790000000 0.000000000 0.000000000
0.795000000 0.000000000 0.000000000
0.800000000 0.000000000 0.000000000
0.805000000 0.000000000 0.000000000
0.810000000 0.000000000 0.000000000
0.815000000 0.000000000 0.000000000
0.820000000 0.000000000 0.000000000
0.825000000 0.000000000 0.000000000
0.830000000 0.000000000 0.000000000
0.835000000 0.000000000 0.000000000
0.840000000 0.000000000 0.000000000
0.845000000 0.000000000 0.000000000
0.850000000 0.000000000 0.000000000
0.855000000 0.000000000 0.000000000
0.860000000 0.000000000 0.000000000
0.865000000 0.000000000 0.000000000
0.870000000 0.000000000 0.000000000
0.875000000 0.000000000 0.000000000
0.880000000 0.000000000 0.000000000
0.885000000 0.000000000 0.000000000
0.890000000 0.000000000 0.000000000
0.895000000 0.000000000 0.000000000
0.900000000 0.000000000 0.000000000
0.905000000 0.000000000 0.000000000
0.910000000 0.000000000 0.000000000
0.915000000 0.000000000 0.000000000
0.920000000 0.000000000 0.000000000
0.925000000 0.000000000 0.000000000
0.930000000 0.000000000 0.000000000
0.935000000 0.000000000 0.000000000
0.940000000 0.000000000 0.000000000
0.945000000 0.000000000 0.000000000
0.950000000 0.000000000 0.000000000
0.955000000 0.000000000 0.000000000
0.960000000 0.000000000 0.000000000
0.965000000 0.000000000 0.000000000
0.970000000 0.000000000 0.000000000
0.975000000 0.000000000 0.000000000
0.980000000 0.000000000 0.000000000
0.985000000 0.000000000 0.000000000
0.990000000 0.000000000 0.000000000
0.995000000 0.000000000 0.000000000
1.000000000 0.000000000 0.000000000

7 1
201
0.000000000 1.000000000 1.000000000
0.005000000 1.000000000 1.000000000
0.010000000 1.000000000 1.000000000
0.015000000 1.000000000 1.000000000
0.020000000 1.000000000 1.000000000
0.025000000 1.000000000 1.000000000
0.030000000 1.000000000 1.000000000
0.035000000 1.000000000 1.000000000
0.040000000 1.000000000 1.000000000
0.045000000 1.000000000 1.000000000
0.050000000 1.000000000 1.000000000
0.055000000 1.000000000 1.000000000
0.060000000 1.000000000 1.000000000
0.065000000 1.000000000 1.000000000
0.070000000 1.000000000 1.000000000
0.075000000 1.000000000 1.000000000
0.080000000 1.000000000 0.999999999
0.085000000 1.000000000 0.999999994
0.090000000 1.000000000 0.999999977
0.095000000 1.000000000 0.999999915
0.100000000 1.000000000 0.999999722
0.105000000 1.000000000 0.999999159
0.110000000 1.000000000 0.999997650
0.115000000 1.000000000 0.999993877
0.120000000 1.000000000 0.999985046
0.125000000 1.000000000 0.999965584
0.130000000 1.000000000 0.999925029
0.135000000 1.000000000 0.999844800
0.140000000 1.000000000 0.999693582
0.145000000 1.000000000 0.999421161
0.150000000 0.999000000 0.998950763
0.155000000 0.999500000 0.998170227
0.160000000 1.000000000 0.996922778
0.165000000 0.999500000 0.994998531
0.170000000 0.998500000 0.992128212
0.175000000 0.997000000 0.987980786
0.180000000 0.999000000 0.982166585
0.185000000 0.996000000 0.974247244
0.190000000 0.994500000 0.963753074
0.195000000 0.991000000 0.950207631
0.200000000 0.990000000 0.933158265
0.205000000 0.985500000 0.912210430
0.210000000 0.982000000 0.887062771
0.215000000 0.976500000 0.857539523
0.220000000 0.973000000 0.823616761
0.225000000 0.960000000 0.785439441
0.230000000 0.952000000 0.743327049
0.235000000 0.938000000 0.697766786
0.240000000 0.928500000 0.649394542
0.245000000 0.916000000 0.598965160
0.250000000 0.884500000 0.547314556
0.255000000 0.856500000 0.495316986
0.260000000 0.829000000 0.443841103
0.265000000 0.806500000 0.393708338
0.270000000 0.786000000 0.345656687
0.275000000 0.753000000 0.300312248
0.280000000 0.713500000 0.258169932
0.285000000 0.686500000 0.219583819
0.290000000 0.651000000 0.184766746
0.295000000 0.611500000 0.153797995
0.300000000 0.589500000 0.126637438
0.305000000 0.541000000 0.103144198
0.310000000 0.501000000 0.083097870
0.315000000 0.456500000 0.066220451
0.320000000 0.432000000 0.052197431
0.325000000 0.395000000 0.040696836
0.330000000 0.375000000 0.031385423
0.335000000 0.324000000 0.023941621
0.340000000 0.287000000 0.018065098
0.345000000 0.265500000 0.013483156
0.350000000 0.253500000 0.009954292
0.355000000 0.207500000 0.007269415
0.360000000 0.199000000 0.005251230
0.365000000 0.157500000 0.003752288
0.370000000 0.153500000 0.002652194
0.375000000 0.120500000 0.001854331
0.380000000 0.110000000 0.001282448
0.385000000 0.097500000 0.000877322
0.390000000 0.086500000 0.000593662
0.395000000 0.083000000 0.000397351
0.400000000 0.075000000 0.000263060
0.405000000 0.059000000 0.000172254
0.410000000 0.054000000 0.000111560
0.415000000 0.045500000 0.000071458
0.420000000 0.032000000 0.000045268
0.425000000 0.026000000 0.000028360
0.430000000 0.020500000 0.000017570
0.435000000 0.017000000 0.000010764
0.440000000 0.020000000 0.000006520
0.445000000 0.015500000 0.000003905
0.450000000 0.013500000 0.000002312
0.455000000 0.018000000 0.000001354
0.460000000 0.013500000 0.000000783
0.465000000 0.010500000 0.000000448
0.470000000 0.007000000 0.000000253
0.475000000 0.006000000 0.000000141
0.480000000 0.007000000 0.000000078
0.485000000 0.006500000 0.000000043
0.490000000 0.004000000 0.000000023
0.495000000 0.003500000 0.000000012
0.500000000 0.003000000 0.000000006
0.505000000 0.005500000 0.000000003
0.510000000 0.002000000 0.000000002
0.515000000 0.001500000 0.000000001
0.520000000 0.001000000 0.000000000
0.525000000 0.000500000 0.000000000
0.530000000 0.000000000 0.000000000
0.535000000 0.000500000 0.000000000
0.540000000 0.001500000 0.000000000
0.545000000 0.000500000 0.000000000
0.550000000 0.001000000 0.000000000
0.555000000 0.000000000 0.000000000
0.560000000 0.000000000 0.000000000
0.565000000 0.000000000 0.000000000
0.570000000 0.000500000 0.000000000
0.575000000 0.000000000 0.000000000
0.580000000 0.000500000 0.000000000
0.585000000 0.000000000 0.000000000
0.590000000 0.000500000 0.000000000
0.595000000 0.000000000 0.000000000
0.600000000 0.000000000 0.000000000
0.605000000 0.000000000 0.000000000
0.610000000 0.000000000 0.000000000
0.615000000 0.000000000 0.000000000
0.620000000 0.000000000 0.000000000
0.625000000 0.000000000 0.000000000
0.630000000 0.000000000 0.000000000
0.635000000 0.000000000 0.000000000
0.640000000 0.000000000 0.000000000
0.645000000 0.000000000 0.000000000
0.650000000 0.000000000 0.000000000
0.655000000 0.000000000 0.000000000
0.660000000 0.000000000 0.000000000
0.665000000 0.000000000 0.000000000
0.670000000 0.000000000 0.000000000
0.675000000 0.000000000 0.000000000
0.680000000 0.000000000 0.000000000
0.685000000 0.000000000 0.000000000
0.690000000 0.000000000 0.000000000
0.695000000 0.000000000 0.000000000
0.700000000 0.000000000 0.000000000
0.705000000 0.000000000 0.000000000
0.710000000 0.000000000 0.000000000
0.715000000 0.000000000 0.000000000
0.720000000 0.000000000 0.000000000
0.725000000 0.000000000 0.000000000
0.730000000 0.000000000 0.000000000
0.735000000 0.000000000 0.000000000
0.740000000 0.000000000 0.000000000
0.745000000 0.000000000 0.000000000
0.750000000 0.000000000 0.000000000
0.755000000 0.000000000 0.000000000
0.760000000 0.000000000 0.000000000
0.765000000 0.000000000 0.000000000
0.770000000 0.000000000 0.000000000
0.775000000 0.000000000 0.000000000
0.780000000 0.000000000 0.000000000
0.785000000 0.000000000 0.000000000
0.790000000 0.000000000 0.000000000
0.795000000 0.000000000 0.000000000
0.800000000 0.000000000 0.000000000
0.805000000 0.000000000 0.000000000
0.810000000 0.000000000 0.000000000
0.815000000 0.000000000 0.000000000
0.820000000 0.000000000 0.000000000
0.825000000 0.000000000 0.000000000
0.830000000 0.000000000 0.000000000
0.835000000 0.000000000 0.000000000
0.840000000 0.000000000 0.000000000
0.845000000 0.000000000 0.000000000
0.850000000 0.000000000 0.000000000
0.855000000 0.000000000 0.000000000
0.860000000 0.000000000 0.000000000
0.865000000 0.000000000 0.000000000
0.870000000 0.000000000 0.000000000
0.875000000 0.000000000 0.000000000
0.880000000 0.000000000 0.000000000
0.885000000 0.000000000 0.000000000
0.890000000 0.000000000 0.000000000
0.895000000 0.000000000 0.000000000
0.900000000 0.000000000 0.000000000
0.905000000 0.000000000 0.000000000
0.910000000 0.000000000 0.000000000
0.915000000 0.000000000 0.000000000
0.920000000 0.000000000 0.000000000
0.925000000 0.000000000 0.000000000
0.930000000 0.000000000 0.000000000
0.935000000 0.000000000 0.000000000
0.940000000 0.000000000 0.000000000
0.945000000 0.000000000 0.000000000
0.950000000 0.000000000 0.000000000
0.955000000 0.000000000 0.000000000
0.960000000 0.000000000 0.000000000
0.965000000 0.000000000 0.000000000
0.970000000 0.000000000 0.000000000
0.975000000 0.000000000 0.000000000
0.980000000 0.000000000 0.000000000
0.985000000 0.000000000 0.000000000
0.990000000 0.000000000 0.000000000
0.995000000 0.000000000 0.000000000
1.000000000 0.000000000 0.000000000

7 2
201
0.000000000 1.000000000 1.000000000
0.005000000 1.000000000 1.000000000
0.010000000 1.000000000 1.000000000
0.015000000 1.000000000 1.000000000
0.020000000 1.000000000 0.999999999
0.025000000 1.000000000 0.999999974
0.030000000 1.000000000 0.999999667
0.035000000 1.000000000 0.999997318
0.040000000 1.000000000 0.999984793
0.045000000 1.000000000 0.999934097
0.050000000 1.000000000 0.999768988
0.055000000 1.000000000 0.999317975
0.060000000 0.999500000 0.998252602
0.065000000 0.996500000 0.996025365
0.070000000 0.994500000 0.991829939
0.075000000 0.990500000 0.984607436
0.080000000 0.982500000 0.973114055
0.085000000 0.969500000 0.956049788
0.090000000 0.965500000 0.932230161
0.095000000 0.933000000 0.900769550
0.100000000 0.907500000 0.861239673
0.105000000 0.885000000 0.813771679
0.110000000 0.847500000 0.759082676
0.115000000 0.803500000 0.698423550
0.120000000 0.774000000 0.633460050
0.125000000 0.736000000 0.566109904
0.130000000 0.663500000 0.498363461
0.135000000 0.611000000 0.432114188
0.140000000 0.529000000 0.369019612
0.145000000 0.495000000 0.310405193
0.150000000 0.460000000 0.257215082
0.155000000 0.418500000 0.210006546
0.160000000 0.334500000 0.168979765
0.165000000 0.303000000 0.134032165
0.170000000 0.256000000 0.104826075
0.175000000 0.230500000 0.080859763
0.180000000 0.170000000 0.061534170
0.185000000 0.165500000 0.046210220
0.190000000 0.123500000 0.034254088
0.195000000 0.112000000 0.025069817
0.200000000 0.087000000 0.018120161
0.205000000 0.075000000 0.012937443
0.210000000 0.060000000 0.009126600
0.215000000 0.052500000 0.006362641
0.220000000 0.034000000 0.004384523
0.225000000 0.026500000 0.002987084
0.230000000 0.015500000 0.002012294
0.235000000 0.012500000 0.001340688
0.240000000 0.014500000 0.000883539
0.245000000 0.008000000 0.000576035
0.250000000 0.006000000 0.000371584
0.255000000 0.006000000 0.000237195
0.260000000 0.006500000 0.000149846
0.265000000 0.005500000 0.000093696
0.270000000 0.001500000 0.000057994
0.275000000 0.002000000 0.000035535
0.280000000 0.000000000 0.000021557
0.285000000 0.000000000 0.000012948
0.290000000 0.000500000 0.000007701
0.295000000 0.002000000 0.000004535
0.300000000 0.001000000 0.000002645
0.305000000 0.001000000 0.000001528
0.310000000 0.000500000 0.000000874
0.315000000 0.000000000 0.000000495
0.320000000 0.000000000 0.000000278
0.325000000 0.000000000 0.000000154
0.330000000 0.000000000 0.000000085
0.335000000 0.000000000 0.000000046
0.340000000 0.000000000 0.000000025
0.345000000 0.000500000 0.000000013
0.350000000 0.000000000 0.000000007
0.355000000 0.000000000 0.000000004
0.360000000 0.000000000 0.000000002
0.365000000 0.000000000 0.000000001
0.370000000 0.000000000 0.000000001
0.375000000 0.000000000 0.000000000
0.380000000 0.000000000 0.000000000
0.385000000 0.000000000 0.000000000
0.390000000 0.000000000 0.000000000
0.395000000 0.000000000 0.000000000
0.400000000 0.000000000 0.000000000
0.405000000 0.000000000 0.000000000
0.410000000 0.000000000 0.000000000
0.415000000 0.000000000 0.000000000
0.420000000 0.000000000 0.000000000
0.425000000 0.000000000 0.000000000
0.430000000 0.000000000 0.000000000
0.435000000 0.000000000 0.000000000
0.440000000 0.000000000 0.000000000
0.445000000 0.000000000 0.000000000
0.450000000 0.000000000 0.000000000
0.455000000 0.000000000 0.000000000
0.460000000 0.000000000 0.000000000
0.465000000 0.000000000 0.000000000
0.470000000 0.000000000 0.000000000
0.475000000 0.000000000 0.000000000
0.480000000 0.000000000 0.000000000
0.485000000 0.000000000 0.000000000
0.490000000 0.000000000 0.000000000
0.495000000 0.000000000 0.000000000
0.500000000 0.000000000 0.000000000
0.505000000 0.000000000 0.000000000
0.510000000 0.000000000 0.000000000
0.515000000 0.000000000 0.000000000
0.520000000 0.000000000 0.000000000
0.525000000 0.000000000 0.000000000
0.530000000 0.000000000 0.000000000
0.535000000 0.000000000 0.000000000
0.540000000 0.000000000 0.000000000
0.545000000 0.000000000 0.000000000
0.550000000 0.000000000 0.000000000
0.555000000 0.000000000 0.000000000
0.560000000 0.000000000 0.000000000
0.565000000 0.000000000 0.000000000
0.570000000 0.000000000 0.000000000
0.575000000 0.000000000 0.000000000
0.580000000 0.000000000 0.000000000
0.585000000 0.000000000 0.000000000
0.590000000 0.000000000 0.000000000
0.595000000 0.000000000 0.000000000
0.600000000 0.000000000 0.000000000
0.605000000 0.000000000 0.000000000
0.610000000 0.000000000 0.000000000
0.615000000 0.000000000 0.000000000
0.620000000 0.000000000 0.000000000
0.625000000 0.000000000 0.000000000
0.630000000 0.000000000 0.000000000
0.635000000 0.000000000 0.000000000
0.640000000 0.000000000 0.000000000
0.645000000 0.000000000 0.000000000
0.650000000 0.000000000 0.000000000
0.655000000 0.000000000 0.000000000
0.660000000 0.000000000 0.000000000
0.665000000 0.000000000 0.000000000
0.670000000 0.000000000 0.000000000
0.675000000 0.000000000 0.000000000
0.680000000 0.000000000 0.000000000
0.685000000 0.000000000 0.000000000
0.690000000 0.000000000 0.000000000
0.695000000 0.000000000 0.000000000
0.700000000 0.000000000 0.000000000
0.705000000 0.000000000 0.000000000
0.710000000 0.000000000 0.000000000
0.715000000 0.000000000 0.000000000
0.720000000 0.000000000 0.000000000
0.725000000 0.000000000 0.000000000
0.730000000 0.000000000 0.000000000
0.735000000 0.000000000 0.000000000
0.740000000 0.000000000 0.000000000
0.745000000 0.000000000 0.000000000
0.750000000 0.000000000 0.000000000
0.755000000 0.000000000 0.000000000
0.760000000 0.000000000 0.000000000
0.765000000 0.000000000 0.000000000
0.770000000 0.000000000 0.000000000
0.775000000 0.000000000 0.000000000
0.780000000 0.000000000 0.000000000
0.785000000 0.000000000 0.000000000
0.790000000 0.000000000 0.000000000
0.795000000 0.000000000 0.000000000
0.800000000 0.000000000 0.000000000
0.805000000 0.000000000 0.000000000
0.810000000 0.000000000 0.000000000
0.815000000 0.000000000 0.000000000
0.820000000 0.000000000 0.000000000
0.825000000 0.000000000 0.000000000
0.830000000 0.000000000 0.000000000
0.835000000 0.000000000 0.000000000
0.840000000 0.000000000 0.000000000
0.845000000 0.000000000 0.000000000
0.850000000 0.000000000 0.000000000
0.855000000 0.000000000 0.000000000
0.860000000 0.000000000 0.000000000
0.865000000 0.000000000 0.000000000
0.870000000 0.000000000 0.000000000
0.875000000 0.000000000 0.000000000
0.880000000 0.000000000 0.000000000
0.885000000 0.000000000 0.000000000
0.890000000 0.000000000 0.000000000
0.895000000 0.000000000 0.000000000
0.900000000 0.000000000 0.000000000
0.905000000 0.000000000 0.000000000
0.910000000 0.000000000 0.000000000
0.915000000 0.000000000 0.000000000
0.920000000 0.000000000 0.000000000
0.925000000 0.000000000 0.000000000
0.930000000 0.000000000 0.000000000
0.935000000 0.000000000 0.000000000
0.940000000 0.000000000 0.000000000
0.945000000 0.000000000 0.000000000
0.950000000 0.000000000 0.000000000
0.955000000 0.000000000 0.000000000
0.960000000 0.000000000 0.000000000
0.965000000 0.000000000 0.000000000
0.970000000 0.000000000 0.000000000
0.975000000 0.000000000 0.000000000
0.980000000 0.000000000 0.000000000
0.985000000 0.000000000 0.000000000
0.990000000 0.000000000 0.000000000
0.995000000 0.000000000 0.000000000
1.000000000 0.000000000 0.000000000

7 3
201
0.000000000 1.000000000 1.000000000
0.005000000 1.000000000 0.999999978
0.010000000 1.000000000 0.999993459
0.015000000 0.999500000 0.999852492
0.020000000 0.997000000 0.998845836
0.025000000 0.989500000 0.994938437
0.030000000 0.967500000 0.984591195
0.035000000 0.930500000 0.963491338
0.040000000 0.874000000 0.927900553
0.045000000 0.823000000 0.875923434
0.050000000 0.746000000 0.808147886
0.055000000 0.666000000 0.727507676
0.060000000 0.569000000 0.638558444
0.065000000 0.483000000 0.546506648
0.070000000 0.412000000 0.456303771
0.075000000 0.302000000 0.371999088
0.080000000 0.244500000 0.296412775
0.085000000 0.198500000 0.231093822
0.090000000 0.159000000 0.176477539
0.095000000 0.119000000 0.132148129
0.100000000 0.086500000 0.097127379
0.105000000 0.064500000 0.070136280
0.110000000 0.046000000 0.049801928
0.115000000 0.029000000 0.034802008
0.120000000 0.019000000 0.023951941
0.125000000 0.017000000 0.016246193
0.130000000 0.010000000 0.010866950
0.135000000 0.004500000 0.007172258
0.140000000 0.006000000 0.004673278
0.145000000 0.001000000 0.003007532
0.150000000 0.002500000 0.001912532
0.155000000 0.001000000 0.001202231
0.160000000 0.000500000 0.000747314
0.165000000 0.000500000 0.000459511
0.170000000 0.000500000 0.000279573
0.175000000 0.000000000 0.000168352
0.180000000 0.000000000 0.000100363
0.185000000 0.000500000 0.000059246
0.190000000 0.000500000 0.000034638
0.195000000 0.000000000 0.000020061
0.200000000 0.000000000 0.000011511
0.205000000 0.000000000 0.000006545
0.210000000 0.000000000 0.000003688
0.215000000 0.000000000 0.000002060
0.220000000 0.000000000 0.000001141
0.225000000 0.000000000 0.000000626
0.230000000 0.000000000 0.000000341
0.235000000 0.000000000 0.000000184
0.240000000 0.000000000 0.000000098
0.245000000 0.000000000 0.000000052
0.250000000 0.000000000 0.000000027
0.255000000 0.000000000 0.000000014
0.260000000 0.000000000 0.000000007
0.265000000 0.000000000 0.000000004
0.270000000 0.000000000 0.000000002
0.275000000 0.000000000 0.000000001
0.280000000 0.000000000 0.000000000
0.285000000 0.000000000 0.000000000
0.290000000 0.000000000 0.000000000
0.295000000 0.000000000 0.000000000
0.300000000 0.000000000 0.000000000
0.305000000 0.000000000 0.000000000
0.310000000 0.000000000 0.000000000
0.315000000 0.000000000 0.000000000
0.320000000 0.000000000 0.000000000
0.325000000 0.000000000 0.000000000
0.330000000 0.000000000 0.000000000
0.335000000 0.000000000 0.000000000
0.340000000 0.000000000 0.000000000
0.345000000 0.000000000 0.000000000
0.350000000 0.000000000 0.000000000
0.355000000 0.000000000 0.000000000
0.360000000 0.000000000 0.000000000
0.365000000 0.000000000 0.000000000
0.370000000 0.000000000 0.000000000
0.375000000 0.000000000 0.000000000
0.380000000 0.000000000 0.000000000
0.385000000 0.000000000 0.000000000
0.390000000 0.000000000 0.000000000
0.395000000 0.000000000 0.000000000
0.400000000 0.000000000 0.000000000
0.405000000 0.000000000 0.000000000
0.410000000 0.000000000 0.000000000
0.415000000 0.000000000 0.000000000
0.420000000 0.000000000 0.000000000
0.425000000 0.000000000 0.000000000
0.430000000 0.000000000 0.000000000
0.435000000 0.000000000 0.000000000
0.440000000 0.000000000 0.000000000
0.445000000 0.000000000 0.000000000
0.450000000 0.000000000 0.000000000
0.455000000 0.000000000 0.000000000
0.460000000 0.000000000 0.000000000
0.465000000 0.000000000 0.000000000
0.470000000 0.000000000 0.000000000
0.475000000 0.000000000 0.000000000
0.480000000 0.000000000 0.000000000
0.485000000 0.000000000 0.000000000
0.490000000 0.000000000 0.000000000
0.495000000 0.000000000 0.000000000
0.500000000 0.000000000 0.000000000
0.505000000 0.000000000 0.000000000
0.510000000 0.000000000 0.000000000
0.515000000 0.000000000 0.000000000
0.520000000 0.000000000 0.000000000
0.525000000 0.000000000 0.000000000
0.530000000 0.000000000 0.000000000
0.535000000 0.000000000 0.000000000
0.540000000 0.000000000 0.000000000
0.545000000 0.000000000 0.000000000
0.550000000 0.000000000 0.000000000
0.555000000 0.000000000 0.000000000
0.560000000 0.000000000 0.000000000
0.565000000 0.000000000 0.000000000
0.570000000 0.000000000 0.000000000
0.575000000 0.000000000 0.000000000
0.580000000 0.000000000 0.000000000
0.585000000 0.000000000 0.000000000
0.590000000 0.000000000 0.000000000
0.595000000 0.000000000 0.000000000
0.600000000 0.000000000 0.000000000
0.605000000 0.000000000 0.000000000
0.610000000 0.000000000 0.000000000
0.615000000 0.000000000 0.000000000
0.620000000 0.000000000 0.000000000
0.625000000 0.000000000 0.000000000
0.630000000 0.000000000 0.000000000
0.635000000 0.000000000 0.000000000
0.640000000 0.000000000 0.000000000
0.645000000 0.000000000 0.000000000
0.650000000 0.000000000 0.000000000
0.655000000 0.000000000 0.000000000
0.660000000 0.000000000 0.000000000
0.665000000 0.000000000 0.000000000
0.670000000 0.000000000 0.000000000
0.675000000 0.000000000 0.000000000
0.680000000 0.000000000 0.000000000
0.685000000 0.000000000 0.000000000
0.690000000 0.000000000 0.000000000
0.695000000 0.000000000 0.000000000
0.700000000 0.000000000 0.000000000
0.705000000 0.000000000 0.000000000
0.710000000 0.000000000 0.000000000
0.715000000 0.000000000 0.000000000
0.720000000 0.000000000 0.000000000
0.725000000 0.000000000 0.000000000
0.730000000 0.000000000 0.000000000
0.735000000 0.000000000 0.000000000
0.740000000 0.000000000 0.000000000
0.745000000 0.000000000 0.000000000
0.750000000 0.000000000 0.000000000
0.755000000 0.000000000 0.000000000
0.760000000 0.000000000 0.000000000
0.765000000 0.000000000 0.000000000
0.770000000 0.000000000 0.000000000
0.775000000 0.000000000 0.000000000
0.780000000 0.000000000 0.000000000
0.785000000 0.000000000 0.000000000
0.790000000 0.000000000 0.000000000
0.795000000 0.000000000 0.000000000
0.800000000 0.000000000 0.000000000
0.805000000 0.000000000 0.000000000
0.810000000 0.000000000 0.000000000
0.815000000 0.000000000 0.000000000
0.820000000 0.000000000 0.000000000
0.825000000 0.000000000 0.000000000
0.830000000 0.000000000 0.000000000
0.835000000 0.000000000 0.000000000
0.840000000 0.000000000 0.000000000
0.845000000 0.000000000 0.000000000
0.850000000 0.000000000 0.000000000
0.855000000 0.000000000 0.000000000
0.860000000 0.000000000 0.000000000
0.865000000 0.000000000 0.000000000
0.870000000 0.000000000 0.000000000
0.875000000 0.000000000 0.000000000
0.880000000 0.000000000 0.000000000
0.885000000 0.000000000 0.000000000
0.890000000 0.000000000 0.000000000
0.895000000 0.000000000 0.000000000
0.900000000 0.000000000 0.000000000
0.905000000 0.000000000 0.000000000
0.910000000 0.000000000 0.000000000
0.915000000 0.000000000 0.000000000
0.920000000 0.000000000 0.000000000
0.925000000 0.000000000 0.000000000
0.930000000 0.000000000 0.000000000
0.935000000 0.000000000 0.000000000
0.940000000 0.000000000 0.000000000
0.945000000 0.000000000 0.000000000
0.950000000 0.000000000 0.000000000
0.955000000 0.000000000 0.000000000
0.960000000 0.000000000 0.000000000
0.965000000 0.000000000 0.000000000
0.970000000 0.000000000 0.000000000
0.975000000 0.000000000 0.000000000
0.980000000 0.000000000 0.000000000
0.985000000 0.000000000 0.000000000
0.990000000 0.000000000 0.000000000
0.995000000 0.000000000 0.000000000
1.000000000 0.000000000 0.000000000

7 4
201
0.000000000 1.000000000 1.000000000
0.005000000 0.996000000 0.999503374
0.010000000 0.955500000 0.990393735
0.015000000 0.880000000 0.955579932
0.020000000 0.754000000 0.885042445
0.025000000 0.576500000 0.782438095
0.030000000 0.466500000 0.660555478
0.035000000 0.352500000 0.534282037
0.040000000 0.267000000 0.415775247
0.045000000 0.169000000 0.312601667
0.050000000 0.115000000 0.227939744
0.055000000 0.078500000 0.161728147
0.060000000 0.051500000 0.111975220
0.065000000 0.036500000 0.075836478
0.070000000 0.018000000 0.050343668
0.075000000 0.012000000 0.032815500
0.080000000 0.006000000 0.021034202
0.085000000 0.003000000 0.013275114
0.090000000 0.004000000 0.008258294
0.095000000 0.002500000 0.005068646
0.100000000 0.001000000 0.003071836
0.105000000 0.000500000 0.001839574
0.110000000 0.000000000 0.001089229
0.115000000 0.000500000 0.000638029
0.120000000 0.000500000 0.000369903
0.125000000 0.000000000 0.000212346
0.130000000 0.000000000 0.000120745
0.135000000 0.000000000 0.000068031
0.140000000 0.000000000 0.000037991
0.145000000 0.000000000 0.000021034
0.150000000 0.000000000 0.000011548
0.155000000 0.000000000 0.000006288
0.160000000 0.000000000 0.000003397
0.165000000 0.000000000 0.000001820
0.170000000 0.000000000 0.000000968
0.175000000 0.000000000 0.000000511
0.180000000 0.000000000 0.000000268
0.185000000 0.000000000 0.000000139
0.190000000 0.000000000 0.000000072
0.195000000 0.000000000 0.000000037
0.200000000 0.000000000 0.000000019
0.205000000 0.000000000 0.000000009
0.210000000 0.000000000 0.000000005
0.215000000 0.000000000 0.000000002
0.220000000 0.000000000 0.000000001
0.225000000 0.000000000 0.000000001
0.230000000 0.000000000 0.000000000
0.235000000 0.000000000 0.000000000
0.240000000 0.000000000 0.000000000
0.245000000 0.000000000 0.000000000
0.250000000 0.000000000 0.000000000
0.255000000 0.000000000 0.000000000
0.260000000 0.000000000 0.000000000
0.265000000 0.000000000 0.000000000
0.270000000 0.000000000 0.000000000
0.275000000 0.000000000 0.000000000
0.280000000 0.000000000 0.000000000
0.285000000 0.000000000 0.000000000
0.290000000 0.000000000 0.000000000
0.295000000 0.000000000 0.000000000
0.300000000 0.000000000 0.000000000
0.305000000 0.000000000 0.000000000
0.310000000 0.000000000 0.000000000
0.315000000 0.000000000 0.000000000
0.320000000 0.000000000 0.000000000
0.325000000 0.000000000 0.000000000
0.330000000 0.000000000 0.000000000
0.335000000 0.000000000 0.000000000
0.340000000 0.000000000 0.000000000
0.345000000 0.000000000 0.000000000
0.350000000 0.000000000 0.000000000
0.355000000 0.000000000 0.000000000
0.360000000 0.000000000 0.000000000
0.365000000 0.000000000 0.000000000
0.370000000 0.000000000 0.000000000
0.375000000 0.000000000 0.000000000
0.380000000 0.000000000 0.000000000
0.385000000 0.000000000 0.000000000
0.390000000 0.000000000 0.000000000
0.395000000 0.000000000 0.000000000
0.400000000 0.000000000 0.000000000
0.405000000 0.000000000 0.000000000
0.410000000 0.000000000 0.000000000
0.415000000 0.000000000 0.000000000
0.420000000 0.000000000 0.000000000
0.425000000 0.000000000 0.000000000
0.430000000 0.000000000 0.000000000
0.435000000 0.000000000 0.000000000
0.440000000 0.000000000 0.000000000
0.445000000 0.000000000 0.000000000
0.450000000 0.000000000 0.000000000
0.455000000 0.000000000 0.000000000
0.460000000 0.000000000 0.000000000
0.465000000 0.000000000 0.000000000
0.470000000 0.000000000 0.000000000
0.475000000 0.000000000 0.000000000
0.480000000 0.000000000 0.000000000
0.485000000 0.000000000 0.000000000
0.490000000 0.000000000 0.000000000
0.495000000 0.000000000 0.000000000
0.500000000 0.000000000 0.000000000
0.505000000 0.000000000 0.000000000
0.510000000 0.000000000 0.000000000
0.515000000 0.000000000 0.000000000
0.520000000 0.000000000 0.000000000
0.525000000 0.000000000 0.000000000
0.530000000 0.000000000 0.000000000
0.535000000 0.000000000 0.000000000
0.540000000 0.000000000 0.000000000
0.545000000 0.000000000 0.000000000
0.550000000 0.000000000 0.000000000
0.555000000 0.000000000 0.000000000
0.560000000 0.000000000 0.000000000
0.565000000 0.000000000 0.000000000
0.570000000 0.000000000 0.000000000
0.575000000 0.000000000 0.000000000
0.580000000 0.000000000 0.000000000
0.585000000 0.000000000 0.000000000
0.590000000 0.000000000 0.000000000
0.595000000 0.000000000 0.000000000
0.600000000 0.000000000 0.000000000
0.605000000 0.000000000 0.000000000
0.610000000 0.000000000 0.000000000
0.615000000 0.000000000 0.000000000
0.620000000 0.000000000 0.000000000
0.625000000 0.000000000 0.000000000
0.630000000 0.000000000 0.000000000
0.635000000 0.000000000 0.000000000
0.640000000 0.000000000 0.000000000
0.645000000 0.000000000 0.000000000
0.650000000 0.000000000 0.000000000
0.655000000 0.000000000 0.000000000
0.660000000 0.000000000 0.000000000
0.665000000 0.000000000 0.000000000
0.670000000 0.000000000 0.000000000
0.675000000 0.000000000 0.000000000
0.680000000 0.000000000 0.000000000
0.685000000 0.000000000 0.000000000
0.690000000 0.000000000 0.000000000
0.695000000 0.000000000 0.000000000
0.700000000 0.000000000 0.000000000
0.705000000 0.000000000 0.000000000
0.710000000 0.000000000 0.000000000
0.715000000 0.000000000 0.000000000
0.720000000 0.000000000 0.000000000
0.725000000 0.000000000 0.000000000
0.730000000 0.000000000 0.000000000
0.735000000 0.000000000 0.000000000
0.740000000 0.000000000 0.000000000
0.745000000 0.000000000 0.000000000
0.750000000 0.000000000 0.000000000
0.755000000 0.000000000 0.000000000
0.760000000 0.000000000 0.000000000
0.765000000 0.000000000 0.000000000
0.770000000 0.000000000 0.000000000
0.775000000 0.000000000 0.000000000
0.780000000 0.000000000 0.000000000
0.785000000 0.000000000 0.000000000
0.790000000 0.000000000 0.000000000
0.795000000 0.000000000 0.000000000
0.800000000 0.000000000 0.000000000
0.805000000 0.000000000 0.000000000
0.810000000 0.000000000 0.000000000
0.815000000 0.000000000 0.000000000
0.820000000 0.000000000 0.000000000
0.825000000 0.000000000 0.000000000
0.830000000 0.000000000 0.000000000
0.835000000 0.000000000 0.000000000
0.840000000 0.000000000 0.000000000
0.845000000 0.000000000 0.000000000
0.850000000 0.000000000 0.000000000
0.855000000 0.000000000 0.000000000
0.860000000 0.000000000 0.000000000
0.865000000 0.000000000 0.000000000
0.870000000 0.000000000 0.000000000
0.875000000 0.000000000 0.000000000
0.880000000 0.000000000 0.000000000
0.885000000 0.000000000 0.000000000
0.890000000 0.000000000 0.000000000
0.895000000 0.000000000 0.000000000
0.900000000 0.000000000 0.000000000
0.905000000 0.000000000 0.000000000
0.910000000 0.000000000 0.000000000
0.915000000 0.000000000 0.000000000
0.920000000 0.000000000 0.000000000
0.925000000 0.000000000 0.000000000
0.930000000 0.000000000 0.000000000
0.935000000 0.000000000 0.000000000
0.940000000 0.000000000 0.000000000
0.945000000 0.000000000 0.000000000
0.950000000 0.000000000 0.000000000
0.955000000 0.000000000 0.000000000
0.960000000 0.000000000 0.000000000
0.965000000 0.000000000 0.000000000
0.970000000 0.000000000 0.000000000
0.975000000 0.000000000 0.000000000
0.980000000 0.000000000 0.000000000
0.985000000 0.000000000 0.000000000
0.990000000 0.000000000 0.000000000
0.995000000 0.000000000 0.000000000
1.000000000 0.000000000 0.000000000

7 5
201
0.000000000 1.000000000 1.000000000
0.005000000 0.875000000 0.973117307
0.010000000 0.638000000 0.862521914
0.015000000 0.406000000 0.698487631
0.020000000 0.269000000 0.527085004
0.025000000 0.167500000 0.376731848
0.030000000 0.086500000 0.258064319
0.035000000 0.065000000 0.170846337
0.040000000 0.034000000 0.109974790
0.045000000 0.019500000 0.069140010
0.050000000 0.009000000 0.042596771
0.055000000 0.007500000 0.025784546
0.060000000 0.002000000 0.015365909
0.065000000 0.002000000 0.009029695
0.070000000 0.002000000 0.005239239
0.075000000 0.000000000 0.003004719
0.080000000 0.000000000 0.001704745
0.085000000 0.000000000 0.000957525
0.090000000 0.000000000 0.000532771
0.095000000 0.000000000 0.000293801
0.100000000 0.000000000 0.000160649
0.105000000 0.000000000 0.000087132
0.110000000 0.000000000 0.000046891
0.115000000 0.000000000 0.000025045
0.120000000 0.000000000 0.000013280
0.125000000 0.000000000 0.000006992
0.130000000 0.000000000 0.000003656
0.135000000 0.000000000 0.000001899
0.140000000 0.000000000 0.000000979
0.145000000 0.000000000 0.000000502
0.150000000 0.000000000 0.000000256
0.155000000 0.000000000 0.000000129
0.160000000 0.000000000 0.000000065
0.165000000 0.000000000 0.000000033
0.170000000 0.000000000 0.000000016
0.175000000 0.000000000 0.000000008
0.180000000 0.000000000 0.000000004
0.185000000 0.000000000 0.000000002
0.190000000 0.000000000 0.000000001
0.195000000 0.000000000 0.000000000
0.200000000 0.000000000 0.000000000
0.205000000 0.000000000 0.000000000
0.210000000 0.000000000 0.000000000
0.215000000 0.000000000 0.000000000
0.220000000 0.000000000 0.000000000
0.225000000 0.000000000 0.000000000
0.230000000 0.000000000 0.000000000
0.235000000 0.000000000 0.000000000
0.240000000 0.000000000 0.000000000
0.245000000 0.000000000 0.000000000
0.250000000 0.000000000 0.000000000
0.255000000 0.000000000 0.000000000
0.260000000 0.000000000 0.000000000
0.265000000 0.000000000 0.000000000
0.270000000 0.000000000 0.000000000
0.275000000 0.000000000 0.000000000
0.280000000 0.000000000 0.000000000
0.285000000 0.000000000 0.000000000
0.290000000 0.000000000 0.000000000
0.295000000 0.000000000 0.000000000
0.300000000 0.000000000 0.000000000
0.305000000 0.000000000 0.000000000
0.310000000 0.000000000 0.000000000
0.315000000 0.000000000 0.000000000
0.320000000 0.000000000 0.000000000
0.325000000 0.000000000 0.000000000
0.330000000 0.000000000 0.000000000
0.335000000 0.000000000 0.000000000
0.340000000 0.000000000 0.000000000
0.345000000 0.000000000 0.000000000
0.350000000 0.000000000 0.000000000
0.355000000 0.000000000 0.000000000
0.360000000 0.000000000 0.000000000
0.365000000 0.000000000 0.000000000
0.370000000 0.000000000 0.000000000
0.375000000 0.000000000 0.000000000
0.380000000 0.000000000 0.000000000
0.385000000 0.000000000 0.000000000
0.390000000 0.000000000 0.000000000
0.395000000 0.000000000 0.000000000
0.400000000 0.000000000 0.000000000
0.405000000 0.000000000 0.000000000
0.410000000 0.000000000 0.000000000
0.415000000 0.000000000 0.000000000
0.420000000 0.000000000 0.000000000
0.425000000 0.000000000 0.000000000
0.430000000 0.000000000 0.000000000
0.435000000 0.000000000 0.000000000
0.440000000 0.000000000 0.000000000
0.445000000 0.000000000 0.000000000
0.450000000 0.000000000 0.000000000
0.455000000 0.000000000 0.000000000
0.460000000 0.000000000 0.000000000
0.465000000 0.000000000 0.000000000
0.470000000 0.000000000 0.000000000
0.475000000 0.000000000 0.000000000
0.480000000 0.000000000 0.000000000
0.485000000 0.000000000 0.000000000
0.490000000 0.000000000 0.000000000
0.495000000 0.000000000 0.000000000
0.500000000 0.000000000 0.000000000
0.505000000 0.000000000 0.000000000
0.510000000 0.000000000 0.000000000
0.515000000 0.000000000 0.000000000
0.520000000 0.000000000 0.000000000
0.525000000 0.000000000 0.000000000
0.530000000 0.000000000 0.000000000
0.535000000 0.000000000 0.000000000
0.540000000 0.000000000 0.000000000
0.545000000 0.000000000 0.000000000
0.550000000 0.000000000 0.000000000
0.555000000 0.000000000 0.000000000
0.560000000 0.000000000 0.000000000
0.565000000 0.000000000 0.000000000
0.570000000 0.000000000 0.000000000
0.575000000 0.000000000 0.000000000
0.580000000 0.000000000 0.000000000
0.585000000 0.000000000 0.000000000
0.590000000 0.000000000 0.000000000
0.595000000 0.000000000 0.000000000
0.600000000 0.000000000 0.000000000
0.605000000 0.000000000 0.000000000
0.610000000 0.000000000 0.000000000
0.615000000 0.000000000 0.000000000
0.620000000 0.000000000 0.000000000
0.625000000 0.000000000 0.000000000
0.630000000 0.000000000 0.000000000
0.635000000 0.000000000 0.000000000
0.640000000 0.000000000 0.000000000
0.645000000 0.000000000 0.000000000
0.650000000 0.000000000 0.000000000
0.655000000 0.000000000 0.000000000
0.660000000 0.000000000 0.000000000
0.665000000 0.000000000 0.000000000
0.670000000 0.000000000 0.000000000
0.675000000 0.000000000 0.000000000
0.680000000 0.000000000 0.000000000
0.685000000 0.000000000 0.000000000
0.690000000 0.000000000 0.000000000
0.695000000 0.000000000 0.000000000
0.700000000 0.000000000 0.000000000
0.705000000 0.000000000 0.000000000
0.710000000 0.000000000 0.000000000
0.715000000 0.000000000 0.000000000
0.720000000 0.000000000 0.000000000
0.725000000 0.000000000 0.000000000
0.730000000 0.000000000 0.000000000
0.735000000 0.000000000 0.000000000
0.740000000 0.000000000 0.000000000
0.745000000 0.000000000 0.000000000
0.750000000 0.000000000 0.000000000
0.755000000 0.000000000 0.000000000
0.760000000 0.000000000 0.000000000
0.765000000 0.000000000 0.000000000
0.770000000 0.000000000 0.000000000
0.775000000 0.000000000 0.000000000
0.780000000 0.000000000 0.000000000
0.785000000 0.000000000 0.000000000
0.790000000 0.000000000 0.000000000
0.795000000 0.000000000 0.000000000
0.800000000 0.000000000 0.000000000
0.805000000 0.000000000 0.000000000
0.810000000 0.000000000 0.000000000
0.815000000 0.000000000 0.000000000
0.820000000 0.000000000 0.000000000
0.825000000 0.000000000 0.000000000
0.830000000 0.000000000 0.000000000
0.835000000 0.000000000 0.000000000
0.840000000 0.000000000 0.000000000
0.845000000 0.000000000 0.000000000
0.850000000 0.000000000 0.000000000
0.855000000 0.000000000 0.000000000
0.860000000 0.000000000 0.000000000
0.865000000 0.000000000 0.000000000
0.870000000 0.000000000 0.000000000
0.875000000 0.000000000 0.000000000
0.880000000 0.000000000 0.000000000
0.885000000 0.000000000 0.000000000
0.890000000 0.000000000 0.000000000
0.895000000 0.000000000 0.000000000
0.900000000 0.000000000 0.000000000
0.905000000 0.000000000 0.000000000
0.910000000 0.000000000 0.000000000
0.915000000 0.000000000 0.000000000
0.920000000 0.000000000 0.000000000
0.925000000 0.000000000 0.000000000
0.930000000 0.000000000 0.000000000
0.935000000 0.000000000 0.000000000
0.940000000 0.000000000 0.000000000
0.945000000 0.000000000 0.000000000
0.950000000 0.000000000 0.000000000
0.955000000 0.000000000 0.000000000
0.960000000 0.000000000 0.000000000
0.965000000 0.000000000 0.000000000
0.970000000 0.000000000 0.000000000
0.975000000 0.000000000 0.000000000
0.980000000 0.000000000 0.000000000
0.985000000 0.000000000 0.000000000
0.990000000 0.000000000 0.000000000
0.995000000 0.000000000 0.000000000
1.000000000 0.000000000 0.000000000

7 6
201
0.000000000 1.000000000 1.000000000
0.005000000 0.537500000 0.865065539
0.010000000 0.284000000 0.633425541
0.015000000 0.135000000 0.426135200
0.020000000 0.070000000 0.272091437
0.025000000 0.039000000 0.167587906
0.030000000 0.020500000 0.100497516
0.035000000 0.007500000 0.059015580
0.040000000 0.006500000 0.034068277
0.045000000 0.002500000 0.019385375
0.050000000 0.001500000 0.010893946
0.055000000 0.001000000 0.006055006
0.060000000 0.000000000 0.003332304
0.065000000 0.000500000 0.001817402
0.070000000 0.000000000 0.000982948
0.075000000 0.000000000 0.000527500
0.080000000 0.000000000 0.000281008
0.085000000 0.000000000 0.000148654
0.090000000 0.000000000 0.000078114
0.095000000 0.000000000 0.000040783
0.100000000 0.000000000 0.000021160
0.105000000 0.000000000 0.000010912
0.110000000 0.000000000 0.000005594
0.115000000 0.000000000 0.000002851
0.120000000 0.000000000 0.000001445
0.125000000 0.000000000 0.000000728
0.130000000 0.000000000 0.000000365
0.135000000 0.000000000 0.000000182
0.140000000 0.000000000 0.000000090
0.145000000 0.000000000 0.000000044
0.150000000 0.000000000 0.000000022
0.155000000 0.000000000 0.000000011
0.160000000 0.000000000 0.000000005
0.165000000 0.000000000 0.000000002
0.170000000 0.000000000 0.000000001
0.175000000 0.000000000 0.000000001
0.180000000 0.000000000 0.000000000
0.185000000 0.000000000 0.000000000
0.190000000 0.000000000 0.000000000
0.195000000 0.000000000 0.000000000
0.200000000 0.000000000 0.000000000
0.205000000 0.000000000 0.000000000
0.210000000 0.000000000 0.000000000
0.215000000 0.000000000 0.000000000
0.220000000 0.000000000 0.000000000
0.225000000 0.000000000 0.000000000
0.230000000 0.000000000 0.000000000
0.235000000 0.000000000 0.000000000
0.240000000 0.000000000 0.000000000
0.245000000 0.000000000 0.000000000
0.250000000 0.000000000 0.000000000
0.255000000 0.000000000 0.000000000
0.260000000 0.000000000 0.000000000
0.265000000 0.000000000 0.000000000
0.270000000 0.000000000 0.000000000
0.275000000 0.000000000 0.000000000
0.280000000 0.000000000 0.000000000
0.285000000 0.000000000 0.000000000
0.290000000 0.000000000 0.000000000
0.295000000 0.000000000 0.000000000
0.300000000 0.000000000 0.000000000
0.305000000 0.000000000 0.000000000
0.310000000 0.000000000 0.000000000
0.315000000 0.000000000 0.000000000
0.320000000 0.000000000 0.000000000
0.325000000 0.000000000 0.000000000
0.330000000 0.000000000 0.000000000
0.335000000 0.000000000 0.000000000
0.340000000 0.000000000 0.000000000
0.345000000 0.000000000 0.000000000
0.350000000 0.000000000 0.000000000
0.355000000 0.000000000 0.000000000
0.360000000 0.000000000 0.000000000
0.365000000 0.000000000 0.000000000
0.370000000 0.000000000 0.000000000
0.375000000 0.000000000 0.000000000
0.380000000 0.000000000 0.000000000
0.385000000 0.000000000 0.000000000
0.390000000 0.000000000 0.000000000
0.395000000 0.000000000 0.000000000
0.400000000 0.000000000 0.000000000
0.405000000 0.000000000 0.000000000
0.410000000 0.000000000 0.000000000
0.415000000 0.000000000 0.000000000
0.420000000 0.000000000 0.000000000
0.425000000 0.000000000 0.000000000
0.430000000 0.000000000 0.000000000
0.435000000 0.000000000 0.000000000
0.440000000 0.000000000 0.000000000
0.445000000 0.000000000 0.000000000
0.450000000 0.000000000 0.000000000
0.455000000 0.000000000 0.000000000
0.460000000 0.000000000 0.000000000
0.465000000 0.000000000 0.000000000
0.470000000 0.000000000 0.000000000
0.475000000 0.000000000 0.000000000
0.480000000 0.000000000 0.000000000
0.485000000 0.000000000 0.000000000
0.490000000 0.000000000 0.000000000
0.495000000 0.000000000 0.000000000
0.500000000 0.000000000 0.000000000
0.505000000 0.000000000 0.000000000
0.510000000 0.000000000 0.000000000
0.515000000 0.000000000 0.000000000
0.520000000 0.000000000 0.000000000
0.525000000 0.000000000 0.000000000
0.530000000 0.000000000 0.000000000
0.535000000 0.000000000 0.000000000
0.540000000 0.000000000 0.000000000
0.545000000 0.000000000 0.000000000
0.550000000 0.000000000 0.000000000
0.555000000 0.000000000 0.000000000
0.560000000 0.000000000 0.000000000
0.565000000 0.000000000 0.000000000
0.570000000 0.000000000 0.000000000
0.575000000 0.000000000 0.000000000
0.580000000 0.000000000 0.000000000
0.585000000 0.000000000 0.000000000
0.590000000 0.000000000 0.000000000
0.595000000 0.000000000 0.000000000
0.600000000 0.000000000 0.000000000
0.605000000 0.000000000 0.000000000
0.610000000 0.000000000 0.000000000
0.615000000 0.000000000 0.000000000
0.620000000 0.000000000 0.000000000
0.625000000 0.000000000 0.000000000
0.630000000 0.000000000 0.000000000
0.635000000 0.000000000 0.000000000
0.640000000 0.000000000 0.000000000
0.645000000 0.000000000 0.000000000
0.650000000 0.000000000 0.000000000
0.655000000 0.000000000 0.000000000
0.660000000 0.000000000 0.000000000
0.665000000 0.000000000 0.000000000
0.670000000 0.000000000 0.000000000
0.675000000 0.000000000 0.000000000
0.680000000 0.000000000 0.000000000
0.685000000 0.000000000 0.000000000
0.690000000 0.000000000 0.000000000
0.695000000 0.000000000 0.000000000
0.700000000 0.000000000 0.000000000
0.705000000 0.000000000 0.000000000
0.710000000 0.000000000 0.000000000
0.715000000 0.000000000 0.000000000
0.720000000 0.000000000 0.000000000
0.725000000 0.000000000 0.000000000
0.730000000 0.000000000 0.000000000
0.735000000 0.000000000 0.000000000
0.740000000 0.000000000 0.000000000
0.745000000 0.000000000 0.000000000
0.750000000 0.000000000 0.000000000
0.755000000 0.000000000 0.000000000
0.760000000 0.000000000 0.000000000
0.765000000 0.000000000 0.000000000
0.770000000 0.000000000 0.000000000
0.775000000 0.000000000 0.000000000
0.780000000 0.000000000 0.000000000
0.785000000 0.000000000 0.000000000
0.790000000 0.000000000 0.000000000
0.795000000 0.000000000 0.000000000
0.800000000 0.000000000 0.000000000
0.805000000 0.000000000 0.000000000
0.810000000 0.000000000 0.000000000
0.815000000 0.000000000 0.000000000
0.820000000 0.000000000 0.000000000
0.825000000 0.000000000 0.000000000
0.830000000 0.000000000 0.000000000
0.835000000 0.000000000 0.000000000
0.840000000 0.000000000 0.000000000
0.845000000 0.000000000 0.000000000
0.850000000 0.000000000 0.000000000
0.855000000 0.000000000 0.000000000
0.860000000 0.000000000 0.000000000
0.865000000 0.000000000 0.000000000
0.870000000 0.000000000 0.000000000
0.875000000 0.000000000 0.000000000
0.880000000 0.000000000 0.000000000
0.885000000 0.000000000 0.000000000
0.890000000 0.000000000 0.000000000
0.895000000 0.000000000 0.000000000
0.900000000 0.000000000 0.000000000
0.905000000 0.000000000 0.000000000
0.910000000 0.000000000 0.000000000
0.915000000 0.000000000 0.000000000
0.920000000 0.000000000 0.000000000
0.925000000 0.000000000 0.000000000
0.930000000 0.000000000 0.000000000
0.935000000 0.000000000 0.000000000
0.940000000 0.000000000 0.000000000
0.945000000 0.000000000 0.000000000
0.950000000 0.000000000 0.000000000
0.955000000 0.000000000 0.000000000
0.960000000 0.000000000 0.000000000
0.965000000 0.000000000 0.000000000
0.970000000 0.000000000 0.000000000
0.975000000 0.000000000 0.000000000
0.980000000 0.000000000 0.000000000
0.985000000 0.000000000 0.000000000
0.990000000 0.000000000 0.000000000
0.995000000 0.000000000 0.000000000
1.000000000 0.000000000 0.000000000

7 7
201
0.000000000 1.000000000 1.000000000
0.005000000 0.524500000 0.526446612
0.010000000 0.277500000 0.276251668
0.015000000 0.149500000 0.144489904
0.020000000 0.076500000 0.075324748
0.025000000 0.031000000 0.039137295
0.030000000 0.017500000 0.020266651
0.035000000 0.012000000 0.010459143
0.040000000 0.005000000 0.005379202
0.045000000 0.004000000 0.002756967
0.050000000 0.000500000 0.001408061
0.055000000 0.001000000 0.000716591
0.060000000 0.000500000 0.000363384
0.065000000 0.000000000 0.000183606
0.070000000 0.000000000 0.000092431
0.075000000 0.000000000 0.000046360
0.080000000 0.000000000 0.000023166
0.085000000 0.000000000 0.000011532
0.090000000 0.000000000 0.000005719
0.095000000 0.000000000 0.000002825
0.100000000 0.000000000 0.000001390
0.105000000 0.000000000 0.000000681
0.110000000 0.000000000 0.000000333
0.115000000 0.000000000 0.000000162
0.120000000 0.000000000 0.000000078
0.125000000 0.000000000 0.000000038
0.130000000 0.000000000 0.000000018
0.135000000 0.000000000 0.000000009
0.140000000 0.000000000 0.000000004
0.145000000 0.000000000 0.000000002
0.150000000 0.000000000 0.000000001
0.155000000 0.000000000 0.000000000
0.160000000 0.000000000 0.000000000
0.165000000 0.000000000 0.000000000
0.170000000 0.000000000 0.000000000
0.175000000 0.000000000 0.000000000
0.180000000 0.000000000 0.000000000
0.185000000 0.000000000 0.000000000
0.190000000 0.000000000 0.000000000
0.195000000 0.000000000 0.000000000
0.200000000 0.000000000 0.000000000
0.205000000 0.000000000 0.000000000
0.210000000 0.000000000 0.000000000
0.215000000 0.000000000 0.000000000
0.220000000 0.000000000 0.000000000
0.225000000 0.000000000 0.000000000
0.230000000 0.000000000 0.000000000
0.235000000 0.000000000 0.000000000
0.240000000 0.000000000 0.000000000
0.245000000 0.000000000 0.000000000
0.250000000 0.000000000 0.000000000
0.255000000 0.000000000 0.000000000
0.260000000 0.000000000 0.000000000
0.265000000 0.000000000 0.000000000
0.270000000 0.000000000 0.000000000
0.275000000 0.000000000 0.000000000
0.280000000 0.000000000 0.000000000
0.285000000 0.000000000 0.000000000
0.290000000 0.000000000 0.000000000
0.295000000 0.000000000 0.000000000
0.300000000 0.000000000 0.000000000
0.305000000 0.000000000 0.000000000
0.310000000 0.000000000 0.000000000
0.315000000 0.000000000 0.000000000
0.320000000 0.000000000 0.000000000
0.325000000 0.000000000 0.000000000
0.330000000 0.000000000 0.000000000
0.335000000 0.000000000 0.000000000
0.340000000 0.000000000 0.000000000
0.345000000 0.000000000 0.000000000
0.350000000 0.000000000 0.000000000
0.355000000 0.000000000 0.000000000
0.360000000 0.000000000 0.000000000
0.365000000 0.000000000 0.000000000
0.370000000 0.000000000 0.000000000
0.375000000 0.000000000 0.000000000
0.380000000 0.000000000 0.000000000
0.385000000 0.000000000 0.000000000
0.390000000 0.000000000 0.000000000
0.395000000 0.000000000 0.000000000
0.400000000 0.000000000 0.000000000
0.405000000 0.000000000 0.000000000
0.410000000 0.000000000 0.000000000
0.415000000 0.000000000 0.000000000
0.420000000 0.000000000 0.000000000
0.425000000 0.000000000 0.000000000
0.430000000 0.000000000 0.000000000
0.435000000 0.000000000 0.000000000
0.440000000 0.000000000 0.000000000
0.445000000 0.000000000 0.000000000
0.450000000 0.000000000 0.000000000
0.455000000 0.000000000 0.000000000
0.460000000 0.000000000 0.000000000
0.465000000 0.000000000 0.000000000
0.470000000 0.000000000 0.000000000
0.475000000 0.000000000 0.000000000
0.480000000 0.000000000 0.000000000
0.485000000 0.000000000 0.000000000
0.490000000 0.000000000 0.000000000
0.495000000 0.000000000 0.000000000
0.500000000 0.000000000 0.000000000
0.505000000 0.000000000 0.000000000
0.510000000 0.000000000 0.000000000
0.515000000 0.000000000 0.000000000
0.520000000 0.000000000 0.000000000
0.525000000 0.000000000 0.000000000
0.530000000 0.000000000 0.000000000
0.535000000 0.000000000 0.000000000
0.540000000 0.000000000 0.000000000
0.545000000 0.000000000 0.000000000
0.550000000 0.000000000 0.000000000
0.555000000 0.000000000 0.000000000
0.560000000 0.000000000 0.000000000
0.565000000 0.000000000 0.000000000
0.570000000 0.000000000 0.000000000
0.575000000 0.000000000 0.000000000
0.580000000 0.000000000 0.000000000
0.585000000 0.000000000 0.000000000
0.590000000 0.000000000 0.000000000
0.595000000 0.000000000 0.000000000
0.600000000 0.000000000 0.000000000
0.605000000 0.000000000 0.000000000
0.610000000 0.000000000 0.000000000
0.615000000 0.000000000 0.000000000
0.620000000 0.000000000 0.000000000
0.625000000 0.000000000 0.000000000
0.630000000 0.000000000 0.000000000
0.635000000 0.000000000 0.000000000
0.640000000 0.000000000 0.000000000
0.645000000 0.000000000 0.000000000
0.650000000 0.000000000 0.000000000
0.655000000 0.000000000 0.000000000
0.660000000 0.000000000 0.000000000
0.665000000 0.000000000 0.000000000
0.670000000 0.000000000 0.000000000
0.675000000 0.000000000 0.000000000
0.680000000 0.000000000 0.000000000
0.685000000 0.000000000 0.000000000
0.690000000 0.000000000 0.000000000
0.695000000 0.000000000 0.000000000
0.700000000 0.000000000 0.000000000
0.705000000 0.000000000 0.000000000
0.710000000 0.000000000 0.000000000
0.715000000 0.000000000 0.000000000
0.720000000 0.000000000 0.000000000
0.725000000 0.000000000 0.000000000
0.730000000 0.000000000 0.000000000
0.735000000 0.000000000 0.000000000
0.740000000 0.000000000 0.000000000
0.745000000 0.000000000 0.000000000
0.750000000 0.000000000 0.000000000
0.755000000 0.000000000 0.000000000
0.760000000 0.000000000 0.000000000
0.765000000 0.000000000 0.000000000
0.770000000 0.000000000 0.000000000
0.775000000 0.000000000 0.000000000
0.780000000 0.000000000 0.000000000
0.785000000 0.000000000 0.000000000
0.790000000 0.000000000 0.000000000
0.795000000 0.000000000 0.000000000
0.800000000 0.000000000 0.000000000
0.805000000 0.000000000 0.000000000
0.810000000 0.000000000 0.000000000
0.815000000 0.000000000 0.000000000
0.820000000 0.000000000 0.000000000
0.825000000 0.000000000 0.000000000
0.830000000 0.000000000 0.000000000
0.835000000 0.000000000 0.000000000
0.840000000 0.000000000 0.000000000
0.845000000 0.000000000 0.000000000
0.850000000 0.000000000 0.000000000
0.855000000 0.000000000 0.000000000
0.860000000 0.000000000 0.000000000
0.865000000 0.000000000 0.000000000
0.870000000 0.000000000 0.000000000
0.875000000 0.000000000 0.000000000
0.880000000 0.000000000 0.000000000
0.885000000 0.000000000 0.000000000
0.890000000 0.000000000 0.000000000
0.895000000 0.000000000 0.000000000
0.900000000 0.000000000 0.000000000
0.905000000 0.000000000 0.000000000
0.910000000 0.000000000 0.000000000
0.915000000 0.000000000 0.000000000
0.920000000 0.000000000 0.000000000
0.925000000 0.000000000 0.000000000
0.930000000 0.000000000 0.000000000
0.935000000 0.000000000 0.000000000
0.940000000 0.000000000 0.000000000
0.945000000 0.000000000 0.000000000
0.950000000 0.000000000 0.000000000
0.955000000 0.000000000 0.000000000
0.960000000 0.000000000 0.000000000
0.965000000 0.000000000 0.000000000
0.970000000 0.000000000 0.000000000
0.975000000 0.000000000 0.000000000
0.980000000 0.000000000 0.000000000
0.985000000 0.000000000 0.000000000
0.990000000 0.000000000 0.000000000
0.995000000 0.000000000 0.000000000
1.000000000 0.000000000 0.000000000

