9
9 0
67
0.000000000 1.000000000 1.000000000
0.010000000 1.000000000 1.000000000
0.020000000 1.000000000 1.000000000
0.030000000 1.000000000 1.000000000
0.040000000 1.000000000 1.000000000
0.050000000 1.000000000 1.000000000
0.060000000 1.000000000 1.000000000
0.070000000 1.000000000 1.000000000
0.080000000 1.000000000 1.000000000
0.090000000 1.000000000 1.000000000
0.100000000 1.000000000 1.000000000
0.110000000 1.000000000 1.000000000
0.120000000 1.000000000 1.000000000
0.130000000 1.000000000 1.000000000
0.140000000 1.000000000 1.000000000
0.150000000 1.000000000 1.000000000
0.160000000 1.000000000 1.000000000
0.170000000 1.000000000 1.000000000
0.180000000 1.000000000 1.000000000
0.190000000 1.000000000 1.000000000
0.200000000 1.000000000 1.000000000
0.210000000 1.000000000 1.000000000
0.220000000 1.000000000 1.000000000
0.230000000 1.000000000 1.000000000
0.240000000 1.000000000 1.000000000
0.250000000 1.000000000 1.000000000
0.260000000 1.000000000 1.000000000
0.270000000 1.000000000 1.000000000
0.280000000 1.000000000 1.000000000
0.290000000 1.000000000 1.000000000
0.300000000 1.000000000 1.000000000
0.310000000 1.000000000 1.000000000
0.320000000 1.000000000 1.000000000
0.330000000 1.000000000 1.000000000
0.340000000 1.000000000 1.000000000
0.350000000 1.000000000 1.000000000
0.360000000 1.000000000 1.000000000
0.370000000 1.000000000 0.999999999
0.380000000 1.000000000 0.999999986
0.390000000 1.000000000 0.999999818
0.400000000 1.000000000 0.999998066
0.410000000 1.000000000 0.999983581
0.420000000 1.000000000 0.999887850
0.430000000 0.997000000 0.999379627
0.440000000 0.998000000 0.997203325
0.450000000 0.992000000 0.989659595
0.460000000 0.950000000 0.968429391
0.470000000 0.899000000 0.919800811
0.480000000 0.803000000 0.828967728
0.490000000 0.639000000 0.690406519
0.500000000 0.491000000 0.517622318
0.510000000 0.313000000 0.341407049
0.520000000 0.153000000 0.194424066
0.530000000 0.088000000 0.094199093
0.540000000 0.040000000 0.038382352
0.550000000 0.015000000 0.013030099
0.560000000 0.008000000 0.003656621
0.570000000 0.000000000 0.000842365
0.580000000 0.000000000 0.000158264
0.590000000 0.000000000 0.000024097
0.600000000 0.000000000 0.000002954
0.610000000 0.000000000 0.000000290
0.620000000 0.000000000 0.000000023
0.630000000 0.000000000 0.000000001
0.640000000 0.000000000 0.000000000
0.650000000 0.000000000 0.000000000
0.660000000 0.000000000 0.000000000

9 1
67
0.000000000 1.000000000 1.000000000
0.010000000 1.000000000 1.000000000
0.020000000 1.000000000 1.000000000
0.030000000 1.000000000 1.000000000
0.040000000 1.000000000 1.000000000
0.050000000 1.000000000 1.000000000
0.060000000 1.000000000 1.000000000
0.070000000 1.000000000 1.000000000
0.080000000 1.000000000 1.000000000
0.090000000 1.000000000 1.000000000
0.100000000 1.000000000 1.000000000
0.110000000 1.000000000 1.000000000
0.120000000 1.000000000 1.000000000
0.130000000 1.000000000 1.000000000
0.140000000 1.000000000 1.000000000
0.150000000 1.000000000 0.999999999
0.160000000 1.000000000 0.999999936
0.170000000 1.000000000 0.999998219
0.180000000 1.000000000 0.999969591
0.190000000 1.000000000 0.999666050
0.200000000 1.000000000 0.997538215
0.210000000 1.000000000 0.987345142
0.220000000 1.000000000 0.953025573
0.230000000 1.000000000 0.869824964
0.240000000 1.000000000 0.721541987
0.250000000 1.000000000 0.523727903
0.260000000 0.998000000 0.323086164
0.270000000 0.998000000 0.166228058
0.280000000 0.995000000 0.070577866
0.290000000 0.974000000 0.024607595
0.300000000 0.953000000 0.007035278
0.310000000 0.927000000 0.001650261
0.320000000 0.848000000 0.000318122
0.330000000 0.770000000 0.000050504
0.340000000 0.699000000 0.000006618
0.350000000 0.568000000 0.000000717
0.360000000 0.456000000 0.000000064
0.370000000 0.352000000 0.000000005
0.380000000 0.259000000 0.000000000
0.390000000 0.158000000 0.000000000
0.400000000 0.112000000 0.000000000
0.410000000 0.060000000 0.000000000
0.420000000 0.039000000 0.000000000
0.430000000 0.018000000 0.000000000
0.440000000 0.012000000 0.000000000
0.450000000 0.008000000 0.000000000
0.460000000 0.005000000 0.000000000
0.470000000 0.001000000 0.000000000
0.480000000 0.003000000 0.000000000
0.490000000 0.001000000 0.000000000
0.500000000 0.000000000 0.000000000
0.510000000 0.000000000 0.000000000
0.520000000 0.001000000 0.000000000
0.530000000 0.000000000 0.000000000
0.540000000 0.000000000 0.000000000
0.550000000 0.000000000 0.000000000
0.560000000 0.000000000 0.000000000
0.570000000 0.000000000 0.000000000
0.580000000 0.000000000 0.000000000
0.590000000 0.000000000 0.000000000
0.600000000 0.000000000 0.000000000
0.610000000 0.000000000 0.000000000
0.620000000 0.000000000 0.000000000
0.630000000 0.000000000 0.000000000
0.640000000 0.000000000 0.000000000
0.650000000 0.000000000 0.000000000
0.660000000 0.000000000 0.000000000

9 2
67
0.000000000 1.000000000 1.000000000
0.010000000 1.000000000 1.000000000
0.020000000 1.000000000 1.000000000
0.030000000 1.000000000 1.000000000
0.040000000 1.000000000 1.000000000
0.050000000 1.000000000 1.000000000
0.060000000 1.000000000 0.999999986
0.070000000 1.000000000 0.999996922
0.080000000 1.000000000 0.999830301
0.090000000 1.000000000 0.996712131
0.100000000 1.000000000 0.971934037
0.110000000 0.998000000 0.874961535
0.120000000 0.999000000 0.666514188
0.130000000 0.993000000 0.399147480
0.140000000 0.974000000 0.180838079
0.150000000 0.922000000 0.061368069
0.160000000 0.822000000 0.015685252
0.170000000 0.711000000 0.003056639
0.180000000 0.511000000 0.000460686
0.190000000 0.369000000 0.000054467
0.200000000 0.245000000 0.000005119
0.210000000 0.129000000 0.000000387
0.220000000 0.078000000 0.000000024
0.230000000 0.034000000 0.000000001
0.240000000 0.023000000 0.000000000
0.250000000 0.005000000 0.000000000
0.260000000 0.000000000 0.000000000
0.270000000 0.000000000 0.000000000
0.280000000 0.001000000 0.000000000
0.290000000 0.000000000 0.000000000
0.300000000 0.000000000 0.000000000
0.310000000 0.000000000 0.000000000
0.320000000 0.000000000 0.000000000
0.330000000 0.000000000 0.000000000
0.340000000 0.000000000 0.000000000
0.350000000 0.000000000 0.000000000
0.360000000 0.000000000 0.000000000
0.370000000 0.000000000 0.000000000
0.380000000 0.000000000 0.000000000
0.390000000 0.000000000 0.000000000
0.400000000 0.000000000 0.000000000
0.410000000 0.000000000 0.000000000
0.420000000 0.000000000 0.000000000
0.430000000 0.000000000 0.000000000
0.440000000 0.000000000 0.000000000
0.450000000 0.000000000 0.000000000
0.460000000 0.000000000 0.000000000
0.470000000 0.000000000 0.000000000
0.480000000 0.000000000 0.000000000
0.490000000 0.000000000 0.000000000
0.500000000 0.000000000 0.000000000
0.510000000 0.000000000 0.000000000
0.520000000 0.000000000 0.000000000
0.530000000 0.000000000 0.000000000
0.540000000 0.000000000 0.000000000
0.550000000 0.000000000 0.000000000
0.560000000 0.000000000 0.000000000
0.570000000 0.000000000 0.000000000
0.580000000 0.000000000 0.000000000
0.590000000 0.000000000 0.000000000
0.600000000 0.000000000 0.000000000
0.610000000 0.000000000 0.000000000
0.620000000 0.000000000 0.000000000
0.630000000 0.000000000 0.000000000
0.640000000 0.000000000 0.000000000
0.650000000 0.000000000 0.000000000
0.660000000 0.000000000 0.000000000

9 3
67
0.000000000 1.000000000 1.000000000
0.010000000 1.000000000 1.000000000
0.020000000 1.000000000 0.999999992
0.030000000 1.000000000 0.999954325
0.040000000 0.997000000 0.994397984
0.050000000 0.989000000 0.915385308
0.060000000 0.940000000 0.638862883
0.070000000 0.768000000 0.287130939
0.080000000 0.502000000 0.080477654
0.090000000 0.268000000 0.014576096
0.100000000 0.111000000 0.001794905
0.110000000 0.028000000 0.000157578
0.120000000 0.010000000 0.000010265
0.130000000 0.002000000 0.000000513
0.140000000 0.002000000 0.000000020
0.150000000 0.000000000 0.000000001
0.160000000 0.000000000 0.000000000
0.170000000 0.000000000 0.000000000
0.180000000 0.000000000 0.000000000
0.190000000 0.000000000 0.000000000
0.200000000 0.000000000 0.000000000
0.210000000 0.000000000 0.000000000
0.220000000 0.000000000 0.000000000
0.230000000 0.000000000 0.000000000
0.240000000 0.000000000 0.000000000
0.250000000 0.000000000 0.000000000
0.260000000 0.000000000 0.000000000
0.270000000 0.000000000 0.000000000
0.280000000 0.000000000 0.000000000
0.290000000 0.000000000 0.000000000
0.300000000 0.000000000 0.000000000
0.310000000 0.000000000 0.000000000
0.320000000 0.000000000 0.000000000
0.330000000 0.000000000 0.000000000
0.340000000 0.000000000 0.000000000
0.350000000 0.000000000 0.000000000
0.360000000 0.000000000 0.000000000
0.370000000 0.000000000 0.000000000
0.380000000 0.000000000 0.000000000
0.390000000 0.000000000 0.000000000
0.400000000 0.000000000 0.000000000
0.410000000 0.000000000 0.000000000
0.420000000 0.000000000 0.000000000
0.430000000 0.000000000 0.000000000
0.440000000 0.000000000 0.000000000
0.450000000 0.000000000 0.000000000
0.460000000 0.000000000 0.000000000
0.470000000 0.000000000 0.000000000
0.480000000 0.000000000 0.000000000
0.490000000 0.000000000 0.000000000
0.500000000 0.000000000 0.000000000
0.510000000 0.000000000 0.000000000
0.520000000 0.000000000 0.000000000
0.530000000 0.000000000 0.000000000
0.540000000 0.000000000 0.000000000
0.550000000 0.000000000 0.000000000
0.560000000 0.000000000 0.000000000
0.570000000 0.000000000 0.000000000
0.580000000 0.000000000 0.000000000
0.590000000 0.000000000 0.000000000
0.600000000 0.000000000 0.000000000
0.610000000 0.000000000 0.000000000
0.620000000 0.000000000 0.000000000
0.630000000 0.000000000 0.000000000
0.640000000 0.000000000 0.000000000
0.650000000 0.000000000 0.000000000
0.660000000 0.000000000 0.000000000

9 4
67
0.000000000 1.000000000 1.000000000
0.010000000 1.000000000 0.999976695
0.020000000 0.967000000 0.968803474
0.030000000 0.681000000 0.630155778
0.040000000 0.253000000 0.186240507
0.050000000 0.050000000 0.026475516
0.060000000 0.006000000 0.002130643
0.070000000 0.000000000 0.000110411
0.080000000 0.000000000 0.000004030
0.090000000 0.000000000 0.000000110
0.100000000 0.000000000 0.000000002
0.110000000 0.000000000 0.000000000
0.120000000 0.000000000 0.000000000
0.130000000 0.000000000 0.000000000
0.140000000 0.000000000 0.000000000
0.150000000 0.000000000 0.000000000
0.160000000 0.000000000 0.000000000
0.170000000 0.000000000 0.000000000
0.180000000 0.000000000 0.000000000
0.190000000 0.000000000 0.000000000
0.200000000 0.000000000 0.000000000
0.210000000 0.000000000 0.000000000
0.220000000 0.000000000 0.000000000
0.230000000 0.000000000 0.000000000
0.240000000 0.000000000 0.000000000
0.250000000 0.000000000 0.000000000
0.260000000 0.000000000 0.000000000
0.270000000 0.000000000 0.000000000
0.280000000 0.000000000 0.000000000
0.290000000 0.000000000 0.000000000
0.300000000 0.000000000 0.000000000
0.310000000 0.000000000 0.000000000
0.320000000 0.000000000 0.000000000
0.330000000 0.000000000 0.000000000
0.340000000 0.000000000 0.000000000
0.350000000 0.000000000 0.000000000
0.360000000 0.000000000 0.000000000
0.370000000 0.000000000 0.000000000
0.380000000 0.000000000 0.000000000
0.390000000 0.000000000 0.000000000
0.400000000 0.000000000 0.000000000
0.410000000 0.000000000 0.000000000
0.420000000 0.000000000 0.000000000
0.430000000 0.000000000 0.000000000
0.440000000 0.000000000 0.000000000
0.450000000 0.000000000 0.000000000
0.460000000 0.000000000 0.000000000
0.470000000 0.000000000 0.000000000
0.480000000 0.000000000 0.000000000
0.490000000 0.000000000 0.000000000
0.500000000 0.000000000 0.000000000
0.510000000 0.000000000 0.000000000
0.520000000 0.000000000 0.000000000
0.530000000 0.000000000 0.000000000
0.540000000 0.000000000 0.000000000
0.550000000 0.000000000 0.000000000
0.560000000 0.000000000 0.000000000
0.570000000 0.000000000 0.000000000
0.580000000 0.000000000 0.000000000
0.590000000 0.000000000 0.000000000
0.600000000 0.000000000 0.000000000
0.610000000 0.000000000 0.000000000
0.620000000 0.000000000 0.000000000
0.630000000 0.000000000 0.000000000
0.640000000 0.000000000 0.000000000
0.650000000 0.000000000 0.000000000
0.660000000 0.000000000 0.000000000

9 5
67
0.000000000 1.000000000 1.000000000
0.010000000 0.863000000 0.924803145
0.020000000 0.212000000 0.304028636
0.030000000 0.012000000 0.029207431
0.040000000 0.001000000 0.001309218
0.050000000 0.000000000 0.000035967
0.060000000 0.000000000 0.000000700
0.070000000 0.000000000 0.000000010
0.080000000 0.000000000 0.000000000
0.090000000 0.000000000 0.000000000
0.100000000 0.000000000 0.000000000
0.110000000 0.000000000 0.000000000
0.120000000 0.000000000 0.000000000
0.130000000 0.000000000 0.000000000
0.140000000 0.000000000 0.000000000
0.150000000 0.000000000 0.000000000
0.160000000 0.000000000 0.000000000
0.170000000 0.000000000 0.000000000
0.180000000 0.000000000 0.000000000
0.190000000 0.000000000 0.000000000
0.200000000 0.000000000 0.000000000
0.210000000 0.000000000 0.000000000
0.220000000 0.000000000 0.000000000
0.230000000 0.000000000 0.000000000
0.240000000 0.000000000 0.000000000
0.250000000 0.000000000 0.000000000
0.260000000 0.000000000 0.000000000
0.270000000 0.000000000 0.000000000
0.280000000 0.000000000 0.000000000
0.290000000 0.000000000 0.000000000
0.300000000 0.000000000 0.000000000
0.310000000 0.000000000 0.000000000
0.320000000 0.000000000 0.000000000
0.330000000 0.000000000 0.000000000
0.340000000 0.000000000 0.000000000
0.350000000 0.000000000 0.000000000
0.360000000 0.000000000 0.000000000
0.370000000 0.000000000 0.000000000
0.380000000 0.000000000 0.000000000
0.390000000 0.000000000 0.000000000
0.400000000 0.000000000 0.000000000
0.410000000 0.000000000 0.000000000
0.420000000 0.000000000 0.000000000
0.430000000 0.000000000 0.000000000
0.440000000 0.000000000 0.000000000
0.450000000 0.000000000 0.000000000
0.460000000 0.000000000 0.000000000
0.470000000 0.000000000 0.000000000
0.480000000 0.000000000 0.000000000
0.490000000 0.000000000 0.000000000
0.500000000 0.000000000 0.000000000
0.510000000 0.000000000 0.000000000
0.520000000 0.000000000 0.000000000
0.530000000 0.000000000 0.000000000
0.540000000 0.000000000 0.000000000
0.550000000 0.000000000 0.000000000
0.560000000 0.000000000 0.000000000
0.570000000 0.000000000 0.000000000
0.580000000 0.000000000 0.000000000
0.590000000 0.000000000 0.000000000
0.600000000 0.000000000 0.000000000
0.610000000 0.000000000 0.000000000
0.620000000 0.000000000 0.000000000
0.630000000 0.000000000 0.000000000
0.640000000 0.000000000 0.000000000
0.650000000 0.000000000 0.000000000
0.660000000 0.000000000 0.000000000

9 6
67
0.000000000 1.000000000 1.000000000
0.010000000 0.235000000 0.418732131
0.020000000 0.003000000 0.024010490
0.030000000 0.000000000 0.000571752
0.040000000 0.000000000 0.000008697
0.050000000 0.000000000 0.000000100
0.060000000 0.000000000 0.000000001
0.070000000 0.000000000 0.000000000
0.080000000 0.000000000 0.000000000
0.090000000 0.000000000 0.000000000
0.100000000 0.000000000 0.000000000
0.110000000 0.000000000 0.000000000
0.120000000 0.000000000 0.000000000
0.130000000 0.000000000 0.000000000
0.140000000 0.000000000 0.000000000
0.150000000 0.000000000 0.000000000
0.160000000 0.000000000 0.000000000
0.170000000 0.000000000 0.000000000
0.180000000 0.000000000 0.000000000
0.190000000 0.000000000 0.000000000
0.200000000 0.000000000 0.000000000
0.210000000 0.000000000 0.000000000
0.220000000 0.000000000 0.000000000
0.230000000 0.000000000 0.000000000
0.240000000 0.000000000 0.000000000
0.250000000 0.000000000 0.000000000
0.260000000 0.000000000 0.000000000
0.270000000 0.000000000 0.000000000
0.280000000 0.000000000 0.000000000
0.290000000 0.000000000 0.000000000
0.300000000 0.000000000 0.000000000
0.310000000 0.000000000 0.000000000
0.320000000 0.000000000 0.000000000
0.330000000 0.000000000 0.000000000
0.340000000 0.000000000 0.000000000
0.350000000 0.000000000 0.000000000
0.360000000 0.000000000 0.000000000
0.370000000 0.000000000 0.000000000
0.380000000 0.000000000 0.000000000
0.390000000 0.000000000 0.000000000
0.400000000 0.000000000 0.000000000
0.410000000 0.000000000 0.000000000
0.420000000 0.000000000 0.000000000
0.430000000 0.000000000 0.000000000
0.440000000 0.000000000 0.000000000
0.450000000 0.000000000 0.000000000
0.460000000 0.000000000 0.000000000
0.470000000 0.000000000 0.000000000
0.480000000 0.000000000 0.000000000
0.490000000 0.000000000 0.000000000
0.500000000 0.000000000 0.000000000
0.510000000 0.000000000 0.000000000
0.520000000 0.000000000 0.000000000
0.530000000 0.000000000 0.000000000
0.540000000 0.000000000 0.000000000
0.550000000 0.000000000 0.000000000
0.560000000 0.000000000 0.000000000
0.570000000 0.000000000 0.000000000
0.580000000 0.000000000 0.000000000
0.590000000 0.000000000 0.000000000
0.600000000 0.000000000 0.000000000
0.610000000 0.000000000 0.000000000
0.620000000 0.000000000 0.000000000
0.630000000 0.000000000 0.000000000
0.640000000 0.000000000 0.000000000
0.650000000 0.000000000 0.000000000
0.660000000 0.000000000 0.000000000

9 7
67
0.000000000 1.000000000 1.000000000
0.010000000 0.029000000 0.113677775
0.020000000 0.001000000 0.002122527
0.030000000 0.000000000 0.000023950
0.040000000 0.000000000 0.000000209
0.050000000 0.000000000 0.000000002
0.060000000 0.000000000 0.000000000
0.070000000 0.000000000 0.000000000
0.080000000 0.000000000 0.000000000
0.090000000 0.000000000 0.000000000
0.100000000 0.000000000 0.000000000
0.110000000 0.000000000 0.000000000
0.120000000 0.000000000 0.000000000
0.130000000 0.000000000 0.000000000
0.140000000 0.000000000 0.000000000
0.150000000 0.000000000 0.000000000
0.160000000 0.000000000 0.000000000
0.170000000 0.000000000 0.000000000
0.180000000 0.000000000 0.000000000
0.190000000 0.000000000 0.000000000
0.200000000 0.000000000 0.000000000
0.210000000 0.000000000 0.000000000
0.220000000 0.000000000 0.000000000
0.230000000 0.000000000 0.000000000
0.240000000 0.000000000 0.000000000
0.250000000 0.000000000 0.000000000
0.260000000 0.000000000 0.000000000
0.270000000 0.000000000 0.000000000
0.280000000 0.000000000 0.000000000
0.290000000 0.000000000 0.000000000
0.300000000 0.000000000 0.000000000
0.310000000 0.000000000 0.000000000
0.320000000 0.000000000 0.000000000
0.330000000 0.000000000 0.000000000
0.340000000 0.000000000 0.000000000
0.350000000 0.000000000 0.000000000
0.360000000 0.000000000 0.000000000
0.370000000 0.000000000 0.000000000
0.380000000 0.000000000 0.000000000
0.390000000 0.000000000 0.000000000
0.400000000 0.000000000 0.000000000
0.410000000 0.000000000 0.000000000
0.420000000 0.000000000 0.000000000
0.430000000 0.000000000 0.000000000
0.440000000 0.000000000 0.000000000
0.450000000 0.000000000 0.000000000
0.460000000 0.000000000 0.000000000
0.470000000 0.000000000 0.000000000
0.480000000 0.000000000 0.000000000
0.490000000 0.000000000 0.000000000
0.500000000 0.000000000 0.000000000
0.510000000 0.000000000 0.000000000
0.520000000 0.000000000 0.000000000
0.530000000 0.000000000 0.000000000
0.540000000 0.000000000 0.000000000
0.550000000 0.000000000 0.000000000
0.560000000 0.000000000 0.000000000
0.570000000 0.000000000 0.000000000
0.580000000 0.000000000 0.000000000
0.590000000 0.000000000 0.000000000
0.600000000 0.000000000 0.000000000
0.610000000 0.000000000 0.000000000
0.620000000 0.000000000 0.000000000
0.630000000 0.000000000 0.000000000
0.640000000 0.000000000 0.000000000
0.650000000 0.000000000 0.000000000
0.660000000 0.000000000 0.000000000

9 8
67
0.000000000 1.000000000 1.000000000
0.010000000 0.005000000 0.035943937
0.020000000 0.000000000 0.000368568
0.030000000 0.000000000 0.000002840
0.040000000 0.000000000 0.000000019
0.050000000 0.000000000 0.000000000
0.060000000 0.000000000 0.000000000
0.070000000 0.000000000 0.000000000
0.080000000 0.000000000 0.000000000
0.090000000 0.000000000 0.000000000
0.100000000 0.000000000 0.000000000
0.110000000 0.000000000 0.000000000
0.120000000 0.000000000 0.000000000
0.130000000 0.000000000 0.000000000
0.140000000 0.000000000 0.000000000
0.150000000 0.000000000 0.000000000
0.160000000 0.000000000 0.000000000
0.170000000 0.000000000 0.000000000
0.180000000 0.000000000 0.000000000
0.190000000 0.000000000 0.000000000
0.200000000 0.000000000 0.000000000
0.210000000 0.000000000 0.000000000
0.220000000 0.000000000 0.000000000
0.230000000 0.000000000 0.000000000
0.240000000 0.000000000 0.000000000
0.250000000 0.000000000 0.000000000
0.260000000 0.000000000 0.000000000
0.270000000 0.000000000 0.000000000
0.280000000 0.000000000 0.000000000
0.290000000 0.000000000 0.000000000
0.300000000 0.000000000 0.000000000
0.310000000 0.000000000 0.000000000
0.320000000 0.000000000 0.000000000
0.330000000 0.000000000 0.000000000
0.340000000 0.000000000 0.000000000
0.350000000 0.000000000 0.000000000
0.360000000 0.000000000 0.000000000
0.370000000 0.000000000 0.000000000
0.380000000 0.000000000 0.000000000
0.390000000 0.000000000 0.000000000
0.400000000 0.000000000 0.000000000
0.410000000 0.000000000 0.000000000
0.420000000 0.000000000 0.000000000
0.430000000 0.000000000 0.000000000
0.440000000 0.000000000 0.000000000
0.450000000 0.000000000 0.000000000
0.460000000 0.000000000 0.000000000
0.470000000 0.000000000 0.000000000
0.480000000 0.000000000 0.000000000
0.490000000 0.000000000 0.000000000
0.500000000 0.000000000 0.000000000
0.510000000 0.000000000 0.000000000
0.520000000 0.000000000 0.000000000
0.530000000 0.000000000 0.000000000
0.540000000 0.000000000 0.000000000
0.550000000 0.000000000 0.000000000
0.560000000 0.000000000 0.000000000
0.570000000 0.000000000 0.000000000
0.580000000 0.000000000 0.000000000
0.590000000 0.000000000 0.000000000
0.600000000 0.000000000 0.000000000
0.610000000 0.000000000 0.000000000
0.620000000 0.000000000 0.000000000
0.630000000 0.000000000 0.000000000
0.640000000 0.000000000 0.000000000
0.650000000 0.000000000 0.000000000
0.660000000 0.000000000 0.000000000

9 9
67
0.000000000 1.000000000 1.000000000
0.010000000 0.004000000 0.005823977
0.020000000 0.001000000 0.000032192
0.030000000 0.000000000 0.000000169
0.040000000 0.000000000 0.000000001
0.050000000 0.000000000 0.000000000
0.060000000 0.000000000 0.000000000
0.070000000 0.000000000 0.000000000
0.080000000 0.000000000 0.000000000
0.090000000 0.000000000 0.000000000
0.100000000 0.000000000 0.000000000
0.110000000 0.000000000 0.000000000
0.120000000 0.000000000 0.000000000
0.130000000 0.000000000 0.000000000
0.140000000 0.000000000 0.000000000
0.150000000 0.000000000 0.000000000
0.160000000 0.000000000 0.000000000
0.170000000 0.000000000 0.000000000
0.180000000 0.000000000 0.000000000
0.190000000 0.000000000 0.000000000
0.200000000 0.000000000 0.000000000
0.210000000 0.000000000 0.000000000
0.220000000 0.000000000 0.000000000
0.230000000 0.000000000 0.000000000
0.240000000 0.000000000 0.000000000
0.250000000 0.000000000 0.000000000
0.260000000 0.000000000 0.000000000
0.270000000 0.000000000 0.000000000
0.280000000 0.000000000 0.000000000
0.290000000 0.000000000 0.000000000
0.300000000 0.000000000 0.000000000
0.310000000 0.000000000 0.000000000
0.320000000 0.000000000 0.000000000
0.330000000 0.000000000 0.000000000
0.340000000 0.000000000 0.000000000
0.350000000 0.000000000 0.000000000
0.360000000 0.000000000 0.000000000
0.370000000 0.000000000 0.000000000
0.380000000 0.000000000 0.000000000
0.390000000 0.000000000 0.000000000
0.400000000 0.000000000 0.000000000
0.410000000 0.000000000 0.000000000
0.420000000 0.000000000 0.000000000
0.430000000 0.000000000 0.000000000
0.440000000 0.000000000 0.000000000
0.450000000 0.000000000 0.000000000
0.460000000 0.000000000 0.000000000
0.470000000 0.000000000 0.000000000
0.480000000 0.000000000 0.000000000
0.490000000 0.000000000 0.000000000
0.500000000 0.000000000 0.000000000
0.510000000 0.000000000 0.000000000
0.520000000 0.000000000 0.000000000
0.530000000 0.000000000 0.000000000
0.540000000 0.000000000 0.000000000
0.550000000 0.000000000 0.000000000
0.560000000 0.000000000 0.000000000
0.570000000 0.000000000 0.000000000
0.580000000 0.000000000 0.000000000
0.590000000 0.000000000 0.000000000
0.600000000 0.000000000 0.000000000
0.610000000 0.000000000 0.000000000
0.620000000 0.000000000 0.000000000
0.630000000 0.000000000 0.000000000
0.640000000 0.000000000 0.000000000
0.650000000 0.000000000 0.000000000
0.660000000 0.000000000 0.000000000

