7
7 0
201
0.000000000 1.000000000 
0.005000000 1.000000000 
0.010000000 1.000000000 
0.015000000 1.000000000 
0.020000000 1.000000000 
0.025000000 1.000000000 
0.030000000 1.000000000 
0.035000000 1.000000000 
0.040000000 1.000000000 
0.045000000 1.000000000 
0.050000000 1.000000000 
0.055000000 1.000000000 
0.060000000 1.000000000 
0.065000000 1.000000000 
0.070000000 1.000000000 
0.075000000 1.000000000 
0.080000000 1.000000000 
0.085000000 1.000000000 
0.090000000 1.000000000 
0.095000000 1.000000000 
0.100000000 1.000000000 
0.105000000 1.000000000 
0.110000000 1.000000000 
0.115000000 1.000000000 
0.120000000 1.000000000 
0.125000000 1.000000000 
0.130000000 1.000000000 
0.135000000 1.000000000 
0.140000000 1.000000000 
0.145000000 1.000000000 
0.150000000 1.000000000 
0.155000000 1.000000000 
0.160000000 1.000000000 
0.165000000 1.000000000 
0.170000000 1.000000000 
0.175000000 1.000000000 
0.180000000 1.000000000 
0.185000000 1.000000000 
0.190000000 1.000000000 
0.195000000 1.000000000 
0.200000000 1.000000000 
0.205000000 1.000000000 
0.210000000 1.000000000 
0.215000000 1.000000000 
0.220000000 1.000000000 
0.225000000 1.000000000 
0.230000000 1.000000000 
0.235000000 1.000000000 
0.240000000 1.000000000 
0.245000000 1.000000000 
0.250000000 1.000000000 
0.255000000 1.000000000 
0.260000000 1.000000000 
0.265000000 1.000000000 
0.270000000 1.000000000 
0.275000000 1.000000000 
0.280000000 1.000000000 
0.285000000 1.000000000 
0.290000000 1.000000000 
0.295000000 1.000000000 
0.300000000 1.000000000 
0.305000000 1.000000000 
0.310000000 1.000000000 
0.315000000 1.000000000 
0.320000000 1.000000000 
0.325000000 1.000000000 
0.330000000 1.000000000 
0.335000000 1.000000000 
0.340000000 1.000000000 
0.345000000 1.000000000 
0.350000000 0.999500000 
0.355000000 0.999000000 
0.360000000 0.999500000 
0.365000000 0.999500000 
0.370000000 0.999500000 
0.375000000 0.999500000 
0.380000000 0.998500000 
0.385000000 0.996000000 
0.390000000 0.994000000 
0.395000000 0.995500000 
0.400000000 0.987000000 
0.405000000 0.986500000 
0.410000000 0.984500000 
0.415000000 0.978500000 
0.420000000 0.968500000 
0.425000000 0.962500000 
0.430000000 0.947500000 
0.435000000 0.943000000 
0.440000000 0.916500000 
0.445000000 0.909000000 
0.450000000 0.892500000 
0.455000000 0.855500000 
0.460000000 0.838500000 
0.465000000 0.793000000 
0.470000000 0.781500000 
0.475000000 0.742500000 
0.480000000 0.702500000 
0.485000000 0.656000000 
0.490000000 0.640000000 
0.495000000 0.581500000 
0.500000000 0.542500000 
0.505000000 0.482000000 
0.510000000 0.447000000 
0.515000000 0.391500000 
0.520000000 0.353000000 
0.525000000 0.320000000 
0.530000000 0.268000000 
0.535000000 0.223000000 
0.540000000 0.206500000 
0.545000000 0.167000000 
0.550000000 0.140000000 
0.555000000 0.116500000 
0.560000000 0.100000000 
0.565000000 0.080000000 
0.570000000 0.071000000 
0.575000000 0.051500000 
0.580000000 0.042000000 
0.585000000 0.034500000 
0.590000000 0.019500000 
0.595000000 0.022000000 
0.600000000 0.011000000 
0.605000000 0.009000000 
0.610000000 0.009500000 
0.615000000 0.007500000 
0.620000000 0.003500000 
0.625000000 0.001000000 
0.630000000 0.002500000 
0.635000000 0.002500000 
0.640000000 0.001500000 
0.645000000 0.003000000 
0.650000000 0.000500000 
0.655000000 0.000000000 
0.660000000 0.000000000 
0.665000000 0.000000000 
0.670000000 0.000000000 
0.675000000 0.000000000 
0.680000000 0.000500000 
0.685000000 0.000000000 
0.690000000 0.000000000 
0.695000000 0.000000000 
0.700000000 0.000000000 
0.705000000 0.000000000 
0.710000000 0.000000000 
0.715000000 0.000000000 
0.720000000 0.000000000 
0.725000000 0.000000000 
0.730000000 0.000000000 
0.735000000 0.000000000 
0.740000000 0.000000000 
0.745000000 0.000000000 
0.750000000 0.000000000 
0.755000000 0.000000000 
0.760000000 0.000000000 
0.765000000 0.000000000 
0.770000000 0.000000000 
0.775000000 0.000000000 
0.780000000 0.000000000 
0.785000000 0.000000000 
0.790000000 0.000000000 
0.795000000 0.000000000 
0.800000000 0.000000000 
0.805000000 0.000000000 
0.810000000 0.000000000 
0.815000000 0.000000000 
0.820000000 0.000000000 
0.825000000 0.000000000 
0.830000000 0.000000000 
0.835000000 0.000000000 
0.840000000 0.000000000 
0.845000000 0.000000000 
0.850000000 0.000000000 
0.855000000 0.000000000 
0.860000000 0.000000000 
0.865000000 0.000000000 
0.870000000 0.000000000 
0.875000000 0.000000000 
0.880000000 0.000000000 
0.885000000 0.000000000 
0.890000000 0.000000000 
0.895000000 0.000000000 
0.900000000 0.000000000 
0.905000000 0.000000000 
0.910000000 0.000000000 
0.915000000 0.000000000 
0.920000000 0.000000000 
0.925000000 0.000000000 
0.930000000 0.000000000 
0.935000000 0.000000000 
0.940000000 0.000000000 
0.945000000 0.000000000 
0.950000000 0.000000000 
0.955000000 0.000000000 
0.960000000 0.000000000 
0.965000000 0.000000000 
0.970000000 0.000000000 
0.975000000 0.000000000 
0.980000000 0.000000000 
0.985000000 0.000000000 
0.990000000 0.000000000 
0.995000000 0.000000000 
1.000000000 0.000000000 

7 1
201
0.000000000 1.000000000 
0.005000000 1.000000000 
0.010000000 1.000000000 
0.015000000 1.000000000 
0.020000000 1.000000000 
0.025000000 1.000000000 
0.030000000 1.000000000 
0.035000000 1.000000000 
0.040000000 1.000000000 
0.045000000 1.000000000 
0.050000000 1.000000000 
0.055000000 1.000000000 
0.060000000 1.000000000 
0.065000000 1.000000000 
0.070000000 1.000000000 
0.075000000 1.000000000 
0.080000000 1.000000000 
0.085000000 1.000000000 
0.090000000 1.000000000 
0.095000000 1.000000000 
0.100000000 1.000000000 
0.105000000 1.000000000 
0.110000000 1.000000000 
0.115000000 1.000000000 
0.120000000 1.000000000 
0.125000000 1.000000000 
0.130000000 1.000000000 
0.135000000 1.000000000 
0.140000000 1.000000000 
0.145000000 1.000000000 
0.150000000 0.999000000 
0.155000000 0.999500000 
0.160000000 1.000000000 
0.165000000 0.999500000 
0.170000000 0.998500000 
0.175000000 0.997000000 
0.180000000 0.999000000 
0.185000000 0.996000000 
0.190000000 0.994500000 
0.195000000 0.991000000 
0.200000000 0.990000000 
0.205000000 0.985500000 
0.210000000 0.982000000 
0.215000000 0.976500000 
0.220000000 0.973000000 
0.225000000 0.960000000 
0.230000000 0.952000000 
0.235000000 0.938000000 
0.240000000 0.928500000 
0.245000000 0.916000000 
0.250000000 0.884500000 
0.255000000 0.856500000 
0.260000000 0.829000000 
0.265000000 0.806500000 
0.270000000 0.786000000 
0.275000000 0.753000000 
0.280000000 0.713500000 
0.285000000 0.686500000 
0.290000000 0.651000000 
0.295000000 0.611500000 
0.300000000 0.589500000 
0.305000000 0.541000000 
0.310000000 0.501000000 
0.315000000 0.456500000 
0.320000000 0.432000000 
0.325000000 0.395000000 
0.330000000 0.375000000 
0.335000000 0.324000000 
0.340000000 0.287000000 
0.345000000 0.265500000 
0.350000000 0.253500000 
0.355000000 0.207500000 
0.360000000 0.199000000 
0.365000000 0.157500000 
0.370000000 0.153500000 
0.375000000 0.120500000 
0.380000000 0.110000000 
0.385000000 0.097500000 
0.390000000 0.086500000 
0.395000000 0.083000000 
0.400000000 0.075000000 
0.405000000 0.059000000 
0.410000000 0.054000000 
0.415000000 0.045500000 
0.420000000 0.032000000 
0.425000000 0.026000000 
0.430000000 0.020500000 
0.435000000 0.017000000 
0.440000000 0.020000000 
0.445000000 0.015500000 
0.450000000 0.013500000 
0.455000000 0.018000000 
0.460000000 0.013500000 
0.465000000 0.010500000 
0.470000000 0.007000000 
0.475000000 0.006000000 
0.480000000 0.007000000 
0.485000000 0.006500000 
0.490000000 0.004000000 
0.495000000 0.003500000 
0.500000000 0.003000000 
0.505000000 0.005500000 
0.510000000 0.002000000 
0.515000000 0.001500000 
0.520000000 0.001000000 
0.525000000 0.000500000 
0.530000000 0.000000000 
0.535000000 0.000500000 
0.540000000 0.001500000 
0.545000000 0.000500000 
0.550000000 0.001000000 
0.555000000 0.000000000 
0.560000000 0.000000000 
0.565000000 0.000000000 
0.570000000 0.000500000 
0.575000000 0.000000000 
0.580000000 0.000500000 
0.585000000 0.000000000 
0.590000000 0.000500000 
0.595000000 0.000000000 
0.600000000 0.000000000 
0.605000000 0.000000000 
0.610000000 0.000000000 
0.615000000 0.000000000 
0.620000000 0.000000000 
0.625000000 0.000000000 
0.630000000 0.000000000 
0.635000000 0.000000000 
0.640000000 0.000000000 
0.645000000 0.000000000 
0.650000000 0.000000000 
0.655000000 0.000000000 
0.660000000 0.000000000 
0.665000000 0.000000000 
0.670000000 0.000000000 
0.675000000 0.000000000 
0.680000000 0.000000000 
0.685000000 0.000000000 
0.690000000 0.000000000 
0.695000000 0.000000000 
0.700000000 0.000000000 
0.705000000 0.000000000 
0.710000000 0.000000000 
0.715000000 0.000000000 
0.720000000 0.000000000 
0.725000000 0.000000000 
0.730000000 0.000000000 
0.735000000 0.000000000 
0.740000000 0.000000000 
0.745000000 0.000000000 
0.750000000 0.000000000 
0.755000000 0.000000000 
0.760000000 0.000000000 
0.765000000 0.000000000 
0.770000000 0.000000000 
0.775000000 0.000000000 
0.780000000 0.000000000 
0.785000000 0.000000000 
0.790000000 0.000000000 
0.795000000 0.000000000 
0.800000000 0.000000000 
0.805000000 0.000000000 
0.810000000 0.000000000 
0.815000000 0.000000000 
0.820000000 0.000000000 
0.825000000 0.000000000 
0.830000000 0.000000000 
0.835000000 0.000000000 
0.840000000 0.000000000 
0.845000000 0.000000000 
0.850000000 0.000000000 
0.855000000 0.000000000 
0.860000000 0.000000000 
0.865000000 0.000000000 
0.870000000 0.000000000 
0.875000000 0.000000000 
0.880000000 0.000000000 
0.885000000 0.000000000 
0.890000000 0.000000000 
0.895000000 0.000000000 
0.900000000 0.000000000 
0.905000000 0.000000000 
0.910000000 0.000000000 
0.915000000 0.000000000 
0.920000000 0.000000000 
0.925000000 0.000000000 
0.930000000 0.000000000 
0.935000000 0.000000000 
0.940000000 0.000000000 
0.945000000 0.000000000 
0.950000000 0.000000000 
0.955000000 0.000000000 
0.960000000 0.000000000 
0.965000000 0.000000000 
0.970000000 0.000000000 
0.975000000 0.000000000 
0.980000000 0.000000000 
0.985000000 0.000000000 
0.990000000 0.000000000 
0.995000000 0.000000000 
1.000000000 0.000000000 

7 2
201
0.000000000 1.000000000 
0.005000000 1.000000000 
0.010000000 1.000000000 
0.015000000 1.000000000 
0.020000000 1.000000000 
0.025000000 1.000000000 
0.030000000 1.000000000 
0.035000000 1.000000000 
0.040000000 1.000000000 
0.045000000 1.000000000 
0.050000000 1.000000000 
0.055000000 1.000000000 
0.060000000 0.999500000 
0.065000000 0.996500000 
0.070000000 0.994500000 
0.075000000 0.990500000 
0.080000000 0.982500000 
0.085000000 0.969500000 
0.090000000 0.965500000 
0.095000000 0.933000000 
0.100000000 0.907500000 
0.105000000 0.885000000 
0.110000000 0.847500000 
0.115000000 0.803500000 
0.120000000 0.774000000 
0.125000000 0.736000000 
0.130000000 0.663500000 
0.135000000 0.611000000 
0.140000000 0.529000000 
0.145000000 0.495000000 
0.150000000 0.460000000 
0.155000000 0.418500000 
0.160000000 0.334500000 
0.165000000 0.303000000 
0.170000000 0.256000000 
0.175000000 0.230500000 
0.180000000 0.170000000 
0.185000000 0.165500000 
0.190000000 0.123500000 
0.195000000 0.112000000 
0.200000000 0.087000000 
0.205000000 0.075000000 
0.210000000 0.060000000 
0.215000000 0.052500000 
0.220000000 0.034000000 
0.225000000 0.026500000 
0.230000000 0.015500000 
0.235000000 0.012500000 
0.240000000 0.014500000 
0.245000000 0.008000000 
0.250000000 0.006000000 
0.255000000 0.006000000 
0.260000000 0.006500000 
0.265000000 0.005500000 
0.270000000 0.001500000 
0.275000000 0.002000000 
0.280000000 0.000000000 
0.285000000 0.000000000 
0.290000000 0.000500000 
0.295000000 0.002000000 
0.300000000 0.001000000 
0.305000000 0.001000000 
0.310000000 0.000500000 
0.315000000 0.000000000 
0.320000000 0.000000000 
0.325000000 0.000000000 
0.330000000 0.000000000 
0.335000000 0.000000000 
0.340000000 0.000000000 
0.345000000 0.000500000 
0.350000000 0.000000000 
0.355000000 0.000000000 
0.360000000 0.000000000 
0.365000000 0.000000000 
0.370000000 0.000000000 
0.375000000 0.000000000 
0.380000000 0.000000000 
0.385000000 0.000000000 
0.390000000 0.000000000 
0.395000000 0.000000000 
0.400000000 0.000000000 
0.405000000 0.000000000 
0.410000000 0.000000000 
0.415000000 0.000000000 
0.420000000 0.000000000 
0.425000000 0.000000000 
0.430000000 0.000000000 
0.435000000 0.000000000 
0.440000000 0.000000000 
0.445000000 0.000000000 
0.450000000 0.000000000 
0.455000000 0.000000000 
0.460000000 0.000000000 
0.465000000 0.000000000 
0.470000000 0.000000000 
0.475000000 0.000000000 
0.480000000 0.000000000 
0.485000000 0.000000000 
0.490000000 0.000000000 
0.495000000 0.000000000 
0.500000000 0.000000000 
0.505000000 0.000000000 
0.510000000 0.000000000 
0.515000000 0.000000000 
0.520000000 0.000000000 
0.525000000 0.000000000 
0.530000000 0.000000000 
0.535000000 0.000000000 
0.540000000 0.000000000 
0.545000000 0.000000000 
0.550000000 0.000000000 
0.555000000 0.000000000 
0.560000000 0.000000000 
0.565000000 0.000000000 
0.570000000 0.000000000 
0.575000000 0.000000000 
0.580000000 0.000000000 
0.585000000 0.000000000 
0.590000000 0.000000000 
0.595000000 0.000000000 
0.600000000 0.000000000 
0.605000000 0.000000000 
0.610000000 0.000000000 
0.615000000 0.000000000 
0.620000000 0.000000000 
0.625000000 0.000000000 
0.630000000 0.000000000 
0.635000000 0.000000000 
0.640000000 0.000000000 
0.645000000 0.000000000 
0.650000000 0.000000000 
0.655000000 0.000000000 
0.660000000 0.000000000 
0.665000000 0.000000000 
0.670000000 0.000000000 
0.675000000 0.000000000 
0.680000000 0.000000000 
0.685000000 0.000000000 
0.690000000 0.000000000 
0.695000000 0.000000000 
0.700000000 0.000000000 
0.705000000 0.000000000 
0.710000000 0.000000000 
0.715000000 0.000000000 
0.720000000 0.000000000 
0.725000000 0.000000000 
0.730000000 0.000000000 
0.735000000 0.000000000 
0.740000000 0.000000000 
0.745000000 0.000000000 
0.750000000 0.000000000 
0.755000000 0.000000000 
0.760000000 0.000000000 
0.765000000 0.000000000 
0.770000000 0.000000000 
0.775000000 0.000000000 
0.780000000 0.000000000 
0.785000000 0.000000000 
0.790000000 0.000000000 
0.795000000 0.000000000 
0.800000000 0.000000000 
0.805000000 0.000000000 
0.810000000 0.000000000 
0.815000000 0.000000000 
0.820000000 0.000000000 
0.825000000 0.000000000 
0.830000000 0.000000000 
0.835000000 0.000000000 
0.840000000 0.000000000 
0.845000000 0.000000000 
0.850000000 0.000000000 
0.855000000 0.000000000 
0.860000000 0.000000000 
0.865000000 0.000000000 
0.870000000 0.000000000 
0.875000000 0.000000000 
0.880000000 0.000000000 
0.885000000 0.000000000 
0.890000000 0.000000000 
0.895000000 0.000000000 
0.900000000 0.000000000 
0.905000000 0.000000000 
0.910000000 0.000000000 
0.915000000 0.000000000 
0.920000000 0.000000000 
0.925000000 0.000000000 
0.930000000 0.000000000 
0.935000000 0.000000000 
0.940000000 0.000000000 
0.945000000 0.000000000 
0.950000000 0.000000000 
0.955000000 0.000000000 
0.960000000 0.000000000 
0.965000000 0.000000000 
0.970000000 0.000000000 
0.975000000 0.000000000 
0.980000000 0.000000000 
0.985000000 0.000000000 
0.990000000 0.000000000 
0.995000000 0.000000000 
1.000000000 0.000000000 

7 3
201
0.000000000 1.000000000 
0.005000000 1.000000000 
0.010000000 1.000000000 
0.015000000 0.999500000 
0.020000000 0.997000000 
0.025000000 0.989500000 
0.030000000 0.967500000 
0.035000000 0.930500000 
0.040000000 0.874000000 
0.045000000 0.823000000 
0.050000000 0.746000000 
0.055000000 0.666000000 
0.060000000 0.569000000 
0.065000000 0.483000000 
0.070000000 0.412000000 
0.075000000 0.302000000 
0.080000000 0.244500000 
0.085000000 0.198500000 
0.090000000 0.159000000 
0.095000000 0.119000000 
0.100000000 0.086500000 
0.105000000 0.064500000 
0.110000000 0.046000000 
0.115000000 0.029000000 
0.120000000 0.019000000 
0.125000000 0.017000000 
0.130000000 0.010000000 
0.135000000 0.004500000 
0.140000000 0.006000000 
0.145000000 0.001000000 
0.150000000 0.002500000 
0.155000000 0.001000000 
0.160000000 0.000500000 
0.165000000 0.000500000 
0.170000000 0.000500000 
0.175000000 0.000000000 
0.180000000 0.000000000 
0.185000000 0.000500000 
0.190000000 0.000500000 
0.195000000 0.000000000 
0.200000000 0.000000000 
0.205000000 0.000000000 
0.210000000 0.000000000 
0.215000000 0.000000000 
0.220000000 0.000000000 
0.225000000 0.000000000 
0.230000000 0.000000000 
0.235000000 0.000000000 
0.240000000 0.000000000 
0.245000000 0.000000000 
0.250000000 0.000000000 
0.255000000 0.000000000 
0.260000000 0.000000000 
0.265000000 0.000000000 
0.270000000 0.000000000 
0.275000000 0.000000000 
0.280000000 0.000000000 
0.285000000 0.000000000 
0.290000000 0.000000000 
0.295000000 0.000000000 
0.300000000 0.000000000 
0.305000000 0.000000000 
0.310000000 0.000000000 
0.315000000 0.000000000 
0.320000000 0.000000000 
0.325000000 0.000000000 
0.330000000 0.000000000 
0.335000000 0.000000000 
0.340000000 0.000000000 
0.345000000 0.000000000 
0.350000000 0.000000000 
0.355000000 0.000000000 
0.360000000 0.000000000 
0.365000000 0.000000000 
0.370000000 0.000000000 
0.375000000 0.000000000 
0.380000000 0.000000000 
0.385000000 0.000000000 
0.390000000 0.000000000 
0.395000000 0.000000000 
0.400000000 0.000000000 
0.405000000 0.000000000 
0.410000000 0.000000000 
0.415000000 0.000000000 
0.420000000 0.000000000 
0.425000000 0.000000000 
0.430000000 0.000000000 
0.435000000 0.000000000 
0.440000000 0.000000000 
0.445000000 0.000000000 
0.450000000 0.000000000 
0.455000000 0.000000000 
0.460000000 0.000000000 
0.465000000 0.000000000 
0.470000000 0.000000000 
0.475000000 0.000000000 
0.480000000 0.000000000 
0.485000000 0.000000000 
0.490000000 0.000000000 
0.495000000 0.000000000 
0.500000000 0.000000000 
0.505000000 0.000000000 
0.510000000 0.000000000 
0.515000000 0.000000000 
0.520000000 0.000000000 
0.525000000 0.000000000 
0.530000000 0.000000000 
0.535000000 0.000000000 
0.540000000 0.000000000 
0.545000000 0.000000000 
0.550000000 0.000000000 
0.555000000 0.000000000 
0.560000000 0.000000000 
0.565000000 0.000000000 
0.570000000 0.000000000 
0.575000000 0.000000000 
0.580000000 0.000000000 
0.585000000 0.000000000 
0.590000000 0.000000000 
0.595000000 0.000000000 
0.600000000 0.000000000 
0.605000000 0.000000000 
0.610000000 0.000000000 
0.615000000 0.000000000 
0.620000000 0.000000000 
0.625000000 0.000000000 
0.630000000 0.000000000 
0.635000000 0.000000000 
0.640000000 0.000000000 
0.645000000 0.000000000 
0.650000000 0.000000000 
0.655000000 0.000000000 
0.660000000 0.000000000 
0.665000000 0.000000000 
0.670000000 0.000000000 
0.675000000 0.000000000 
0.680000000 0.000000000 
0.685000000 0.000000000 
0.690000000 0.000000000 
0.695000000 0.000000000 
0.700000000 0.000000000 
0.705000000 0.000000000 
0.710000000 0.000000000 
0.715000000 0.000000000 
0.720000000 0.000000000 
0.725000000 0.000000000 
0.730000000 0.000000000 
0.735000000 0.000000000 
0.740000000 0.000000000 
0.745000000 0.000000000 
0.750000000 0.000000000 
0.755000000 0.000000000 
0.760000000 0.000000000 
0.765000000 0.000000000 
0.770000000 0.000000000 
0.775000000 0.000000000 
0.780000000 0.000000000 
0.785000000 0.000000000 
0.790000000 0.000000000 
0.795000000 0.000000000 
0.800000000 0.000000000 
0.805000000 0.000000000 
0.810000000 0.000000000 
0.815000000 0.000000000 
0.820000000 0.000000000 
0.825000000 0.000000000 
0.830000000 0.000000000 
0.835000000 0.000000000 
0.840000000 0.000000000 
0.845000000 0.000000000 
0.850000000 0.000000000 
0.855000000 0.000000000 
0.860000000 0.000000000 
0.865000000 0.000000000 
0.870000000 0.000000000 
0.875000000 0.000000000 
0.880000000 0.000000000 
0.885000000 0.000000000 
0.890000000 0.000000000 
0.895000000 0.000000000 
0.900000000 0.000000000 
0.905000000 0.000000000 
0.910000000 0.000000000 
0.915000000 0.000000000 
0.920000000 0.000000000 
0.925000000 0.000000000 
0.930000000 0.000000000 
0.935000000 0.000000000 
0.940000000 0.000000000 
0.945000000 0.000000000 
0.950000000 0.000000000 
0.955000000 0.000000000 
0.960000000 0.000000000 
0.965000000 0.000000000 
0.970000000 0.000000000 
0.975000000 0.000000000 
0.980000000 0.000000000 
0.985000000 0.000000000 
0.990000000 0.000000000 
0.995000000 0.000000000 
1.000000000 0.000000000 

7 4
201
0.000000000 1.000000000 
0.005000000 0.996000000 
0.010000000 0.955500000 
0.015000000 0.880000000 
0.020000000 0.754000000 
0.025000000 0.576500000 
0.030000000 0.466500000 
0.035000000 0.352500000 
0.040000000 0.267000000 
0.045000000 0.169000000 
0.050000000 0.115000000 
0.055000000 0.078500000 
0.060000000 0.051500000 
0.065000000 0.036500000 
0.070000000 0.018000000 
0.075000000 0.012000000 
0.080000000 0.006000000 
0.085000000 0.003000000 
0.090000000 0.004000000 
0.095000000 0.002500000 
0.100000000 0.001000000 
0.105000000 0.000500000 
0.110000000 0.000000000 
0.115000000 0.000500000 
0.120000000 0.000500000 
0.125000000 0.000000000 
0.130000000 0.000000000 
0.135000000 0.000000000 
0.140000000 0.000000000 
0.145000000 0.000000000 
0.150000000 0.000000000 
0.155000000 0.000000000 
0.160000000 0.000000000 
0.165000000 0.000000000 
0.170000000 0.000000000 
0.175000000 0.000000000 
0.180000000 0.000000000 
0.185000000 0.000000000 
0.190000000 0.000000000 
0.195000000 0.000000000 
0.200000000 0.000000000 
0.205000000 0.000000000 
0.210000000 0.000000000 
0.215000000 0.000000000 
0.220000000 0.000000000 
0.225000000 0.000000000 
0.230000000 0.000000000 
0.235000000 0.000000000 
0.240000000 0.000000000 
0.245000000 0.000000000 
0.250000000 0.000000000 
0.255000000 0.000000000 
0.260000000 0.000000000 
0.265000000 0.000000000 
0.270000000 0.000000000 
0.275000000 0.000000000 
0.280000000 0.000000000 
0.285000000 0.000000000 
0.290000000 0.000000000 
0.295000000 0.000000000 
0.300000000 0.000000000 
0.305000000 0.000000000 
0.310000000 0.000000000 
0.315000000 0.000000000 
0.320000000 0.000000000 
0.325000000 0.000000000 
0.330000000 0.000000000 
0.335000000 0.000000000 
0.340000000 0.000000000 
0.345000000 0.000000000 
0.350000000 0.000000000 
0.355000000 0.000000000 
0.360000000 0.000000000 
0.365000000 0.000000000 
0.370000000 0.000000000 
0.375000000 0.000000000 
0.380000000 0.000000000 
0.385000000 0.000000000 
0.390000000 0.000000000 
0.395000000 0.000000000 
0.400000000 0.000000000 
0.405000000 0.000000000 
0.410000000 0.000000000 
0.415000000 0.000000000 
0.420000000 0.000000000 
0.425000000 0.000000000 
0.430000000 0.000000000 
0.435000000 0.000000000 
0.440000000 0.000000000 
0.445000000 0.000000000 
0.450000000 0.000000000 
0.455000000 0.000000000 
0.460000000 0.000000000 
0.465000000 0.000000000 
0.470000000 0.000000000 
0.475000000 0.000000000 
0.480000000 0.000000000 
0.485000000 0.000000000 
0.490000000 0.000000000 
0.495000000 0.000000000 
0.500000000 0.000000000 
0.505000000 0.000000000 
0.510000000 0.000000000 
0.515000000 0.000000000 
0.520000000 0.000000000 
0.525000000 0.000000000 
0.530000000 0.000000000 
0.535000000 0.000000000 
0.540000000 0.000000000 
0.545000000 0.000000000 
0.550000000 0.000000000 
0.555000000 0.000000000 
0.560000000 0.000000000 
0.565000000 0.000000000 
0.570000000 0.000000000 
0.575000000 0.000000000 
0.580000000 0.000000000 
0.585000000 0.000000000 
0.590000000 0.000000000 
0.595000000 0.000000000 
0.600000000 0.000000000 
0.605000000 0.000000000 
0.610000000 0.000000000 
0.615000000 0.000000000 
0.620000000 0.000000000 
0.625000000 0.000000000 
0.630000000 0.000000000 
0.635000000 0.000000000 
0.640000000 0.000000000 
0.645000000 0.000000000 
0.650000000 0.000000000 
0.655000000 0.000000000 
0.660000000 0.000000000 
0.665000000 0.000000000 
0.670000000 0.000000000 
0.675000000 0.000000000 
0.680000000 0.000000000 
0.685000000 0.000000000 
0.690000000 0.000000000 
0.695000000 0.000000000 
0.700000000 0.000000000 
0.705000000 0.000000000 
0.710000000 0.000000000 
0.715000000 0.000000000 
0.720000000 0.000000000 
0.725000000 0.000000000 
0.730000000 0.000000000 
0.735000000 0.000000000 
0.740000000 0.000000000 
0.745000000 0.000000000 
0.750000000 0.000000000 
0.755000000 0.000000000 
0.760000000 0.000000000 
0.765000000 0.000000000 
0.770000000 0.000000000 
0.775000000 0.000000000 
0.780000000 0.000000000 
0.785000000 0.000000000 
0.790000000 0.000000000 
0.795000000 0.000000000 
0.800000000 0.000000000 
0.805000000 0.000000000 
0.810000000 0.000000000 
0.815000000 0.000000000 
0.820000000 0.000000000 
0.825000000 0.000000000 
0.830000000 0.000000000 
0.835000000 0.000000000 
0.840000000 0.000000000 
0.845000000 0.000000000 
0.850000000 0.000000000 
0.855000000 0.000000000 
0.860000000 0.000000000 
0.865000000 0.000000000 
0.870000000 0.000000000 
0.875000000 0.000000000 
0.880000000 0.000000000 
0.885000000 0.000000000 
0.890000000 0.000000000 
0.895000000 0.000000000 
0.900000000 0.000000000 
0.905000000 0.000000000 
0.910000000 0.000000000 
0.915000000 0.000000000 
0.920000000 0.000000000 
0.925000000 0.000000000 
0.930000000 0.000000000 
0.935000000 0.000000000 
0.940000000 0.000000000 
0.945000000 0.000000000 
0.950000000 0.000000000 
0.955000000 0.000000000 
0.960000000 0.000000000 
0.965000000 0.000000000 
0.970000000 0.000000000 
0.975000000 0.000000000 
0.980000000 0.000000000 
0.985000000 0.000000000 
0.990000000 0.000000000 
0.995000000 0.000000000 
1.000000000 0.000000000 

7 5
201
0.000000000 1.000000000 
0.005000000 0.875000000 
0.010000000 0.638000000 
0.015000000 0.406000000 
0.020000000 0.269000000 
0.025000000 0.167500000 
0.030000000 0.086500000 
0.035000000 0.065000000 
0.040000000 0.034000000 
0.045000000 0.019500000 
0.050000000 0.009000000 
0.055000000 0.007500000 
0.060000000 0.002000000 
0.065000000 0.002000000 
0.070000000 0.002000000 
0.075000000 0.000000000 
0.080000000 0.000000000 
0.085000000 0.000000000 
0.090000000 0.000000000 
0.095000000 0.000000000 
0.100000000 0.000000000 
0.105000000 0.000000000 
0.110000000 0.000000000 
0.115000000 0.000000000 
0.120000000 0.000000000 
0.125000000 0.000000000 
0.130000000 0.000000000 
0.135000000 0.000000000 
0.140000000 0.000000000 
0.145000000 0.000000000 
0.150000000 0.000000000 
0.155000000 0.000000000 
0.160000000 0.000000000 
0.165000000 0.000000000 
0.170000000 0.000000000 
0.175000000 0.000000000 
0.180000000 0.000000000 
0.185000000 0.000000000 
0.190000000 0.000000000 
0.195000000 0.000000000 
0.200000000 0.000000000 
0.205000000 0.000000000 
0.210000000 0.000000000 
0.215000000 0.000000000 
0.220000000 0.000000000 
0.225000000 0.000000000 
0.230000000 0.000000000 
0.235000000 0.000000000 
0.240000000 0.000000000 
0.245000000 0.000000000 
0.250000000 0.000000000 
0.255000000 0.000000000 
0.260000000 0.000000000 
0.265000000 0.000000000 
0.270000000 0.000000000 
0.275000000 0.000000000 
0.280000000 0.000000000 
0.285000000 0.000000000 
0.290000000 0.000000000 
0.295000000 0.000000000 
0.300000000 0.000000000 
0.305000000 0.000000000 
0.310000000 0.000000000 
0.315000000 0.000000000 
0.320000000 0.000000000 
0.325000000 0.000000000 
0.330000000 0.000000000 
0.335000000 0.000000000 
0.340000000 0.000000000 
0.345000000 0.000000000 
0.350000000 0.000000000 
0.355000000 0.000000000 
0.360000000 0.000000000 
0.365000000 0.000000000 
0.370000000 0.000000000 
0.375000000 0.000000000 
0.380000000 0.000000000 
0.385000000 0.000000000 
0.390000000 0.000000000 
0.395000000 0.000000000 
0.400000000 0.000000000 
0.405000000 0.000000000 
0.410000000 0.000000000 
0.415000000 0.000000000 
0.420000000 0.000000000 
0.425000000 0.000000000 
0.430000000 0.000000000 
0.435000000 0.000000000 
0.440000000 0.000000000 
0.445000000 0.000000000 
0.450000000 0.000000000 
0.455000000 0.000000000 
0.460000000 0.000000000 
0.465000000 0.000000000 
0.470000000 0.000000000 
0.475000000 0.000000000 
0.480000000 0.000000000 
0.485000000 0.000000000 
0.490000000 0.000000000 
0.495000000 0.000000000 
0.500000000 0.000000000 
0.505000000 0.000000000 
0.510000000 0.000000000 
0.515000000 0.000000000 
0.520000000 0.000000000 
0.525000000 0.000000000 
0.530000000 0.000000000 
0.535000000 0.000000000 
0.540000000 0.000000000 
0.545000000 0.000000000 
0.550000000 0.000000000 
0.555000000 0.000000000 
0.560000000 0.000000000 
0.565000000 0.000000000 
0.570000000 0.000000000 
0.575000000 0.000000000 
0.580000000 0.000000000 
0.585000000 0.000000000 
0.590000000 0.000000000 
0.595000000 0.000000000 
0.600000000 0.000000000 
0.605000000 0.000000000 
0.610000000 0.000000000 
0.615000000 0.000000000 
0.620000000 0.000000000 
0.625000000 0.000000000 
0.630000000 0.000000000 
0.635000000 0.000000000 
0.640000000 0.000000000 
0.645000000 0.000000000 
0.650000000 0.000000000 
0.655000000 0.000000000 
0.660000000 0.000000000 
0.665000000 0.000000000 
0.670000000 0.000000000 
0.675000000 0.000000000 
0.680000000 0.000000000 
0.685000000 0.000000000 
0.690000000 0.000000000 
0.695000000 0.000000000 
0.700000000 0.000000000 
0.705000000 0.000000000 
0.710000000 0.000000000 
0.715000000 0.000000000 
0.720000000 0.000000000 
0.725000000 0.000000000 
0.730000000 0.000000000 
0.735000000 0.000000000 
0.740000000 0.000000000 
0.745000000 0.000000000 
0.750000000 0.000000000 
0.755000000 0.000000000 
0.760000000 0.000000000 
0.765000000 0.000000000 
0.770000000 0.000000000 
0.775000000 0.000000000 
0.780000000 0.000000000 
0.785000000 0.000000000 
0.790000000 0.000000000 
0.795000000 0.000000000 
0.800000000 0.000000000 
0.805000000 0.000000000 
0.810000000 0.000000000 
0.815000000 0.000000000 
0.820000000 0.000000000 
0.825000000 0.000000000 
0.830000000 0.000000000 
0.835000000 0.000000000 
0.840000000 0.000000000 
0.845000000 0.000000000 
0.850000000 0.000000000 
0.855000000 0.000000000 
0.860000000 0.000000000 
0.865000000 0.000000000 
0.870000000 0.000000000 
0.875000000 0.000000000 
0.880000000 0.000000000 
0.885000000 0.000000000 
0.890000000 0.000000000 
0.895000000 0.000000000 
0.900000000 0.000000000 
0.905000000 0.000000000 
0.910000000 0.000000000 
0.915000000 0.000000000 
0.920000000 0.000000000 
0.925000000 0.000000000 
0.930000000 0.000000000 
0.935000000 0.000000000 
0.940000000 0.000000000 
0.945000000 0.000000000 
0.950000000 0.000000000 
0.955000000 0.000000000 
0.960000000 0.000000000 
0.965000000 0.000000000 
0.970000000 0.000000000 
0.975000000 0.000000000 
0.980000000 0.000000000 
0.985000000 0.000000000 
0.990000000 0.000000000 
0.995000000 0.000000000 
1.000000000 0.000000000 

7 6
201
0.000000000 1.000000000 
0.005000000 0.537500000 
0.010000000 0.284000000 
0.015000000 0.135000000 
0.020000000 0.070000000 
0.025000000 0.039000000 
0.030000000 0.020500000 
0.035000000 0.007500000 
0.040000000 0.006500000 
0.045000000 0.002500000 
0.050000000 0.001500000 
0.055000000 0.001000000 
0.060000000 0.000000000 
0.065000000 0.000500000 
0.070000000 0.000000000 
0.075000000 0.000000000 
0.080000000 0.000000000 
0.085000000 0.000000000 
0.090000000 0.000000000 
0.095000000 0.000000000 
0.100000000 0.000000000 
0.105000000 0.000000000 
0.110000000 0.000000000 
0.115000000 0.000000000 
0.120000000 0.000000000 
0.125000000 0.000000000 
0.130000000 0.000000000 
0.135000000 0.000000000 
0.140000000 0.000000000 
0.145000000 0.000000000 
0.150000000 0.000000000 
0.155000000 0.000000000 
0.160000000 0.000000000 
0.165000000 0.000000000 
0.170000000 0.000000000 
0.175000000 0.000000000 
0.180000000 0.000000000 
0.185000000 0.000000000 
0.190000000 0.000000000 
0.195000000 0.000000000 
0.200000000 0.000000000 
0.205000000 0.000000000 
0.210000000 0.000000000 
0.215000000 0.000000000 
0.220000000 0.000000000 
0.225000000 0.000000000 
0.230000000 0.000000000 
0.235000000 0.000000000 
0.240000000 0.000000000 
0.245000000 0.000000000 
0.250000000 0.000000000 
0.255000000 0.000000000 
0.260000000 0.000000000 
0.265000000 0.000000000 
0.270000000 0.000000000 
0.275000000 0.000000000 
0.280000000 0.000000000 
0.285000000 0.000000000 
0.290000000 0.000000000 
0.295000000 0.000000000 
0.300000000 0.000000000 
0.305000000 0.000000000 
0.310000000 0.000000000 
0.315000000 0.000000000 
0.320000000 0.000000000 
0.325000000 0.000000000 
0.330000000 0.000000000 
0.335000000 0.000000000 
0.340000000 0.000000000 
0.345000000 0.000000000 
0.350000000 0.000000000 
0.355000000 0.000000000 
0.360000000 0.000000000 
0.365000000 0.000000000 
0.370000000 0.000000000 
0.375000000 0.000000000 
0.380000000 0.000000000 
0.385000000 0.000000000 
0.390000000 0.000000000 
0.395000000 0.000000000 
0.400000000 0.000000000 
0.405000000 0.000000000 
0.410000000 0.000000000 
0.415000000 0.000000000 
0.420000000 0.000000000 
0.425000000 0.000000000 
0.430000000 0.000000000 
0.435000000 0.000000000 
0.440000000 0.000000000 
0.445000000 0.000000000 
0.450000000 0.000000000 
0.455000000 0.000000000 
0.460000000 0.000000000 
0.465000000 0.000000000 
0.470000000 0.000000000 
0.475000000 0.000000000 
0.480000000 0.000000000 
0.485000000 0.000000000 
0.490000000 0.000000000 
0.495000000 0.000000000 
0.500000000 0.000000000 
0.505000000 0.000000000 
0.510000000 0.000000000 
0.515000000 0.000000000 
0.520000000 0.000000000 
0.525000000 0.000000000 
0.530000000 0.000000000 
0.535000000 0.000000000 
0.540000000 0.000000000 
0.545000000 0.000000000 
0.550000000 0.000000000 
0.555000000 0.000000000 
0.560000000 0.000000000 
0.565000000 0.000000000 
0.570000000 0.000000000 
0.575000000 0.000000000 
0.580000000 0.000000000 
0.585000000 0.000000000 
0.590000000 0.000000000 
0.595000000 0.000000000 
0.600000000 0.000000000 
0.605000000 0.000000000 
0.610000000 0.000000000 
0.615000000 0.000000000 
0.620000000 0.000000000 
0.625000000 0.000000000 
0.630000000 0.000000000 
0.635000000 0.000000000 
0.640000000 0.000000000 
0.645000000 0.000000000 
0.650000000 0.000000000 
0.655000000 0.000000000 
0.660000000 0.000000000 
0.665000000 0.000000000 
0.670000000 0.000000000 
0.675000000 0.000000000 
0.680000000 0.000000000 
0.685000000 0.000000000 
0.690000000 0.000000000 
0.695000000 0.000000000 
0.700000000 0.000000000 
0.705000000 0.000000000 
0.710000000 0.000000000 
0.715000000 0.000000000 
0.720000000 0.000000000 
0.725000000 0.000000000 
0.730000000 0.000000000 
0.735000000 0.000000000 
0.740000000 0.000000000 
0.745000000 0.000000000 
0.750000000 0.000000000 
0.755000000 0.000000000 
0.760000000 0.000000000 
0.765000000 0.000000000 
0.770000000 0.000000000 
0.775000000 0.000000000 
0.780000000 0.000000000 
0.785000000 0.000000000 
0.790000000 0.000000000 
0.795000000 0.000000000 
0.800000000 0.000000000 
0.805000000 0.000000000 
0.810000000 0.000000000 
0.815000000 0.000000000 
0.820000000 0.000000000 
0.825000000 0.000000000 
0.830000000 0.000000000 
0.835000000 0.000000000 
0.840000000 0.000000000 
0.845000000 0.000000000 
0.850000000 0.000000000 
0.855000000 0.000000000 
0.860000000 0.000000000 
0.865000000 0.000000000 
0.870000000 0.000000000 
0.875000000 0.000000000 
0.880000000 0.000000000 
0.885000000 0.000000000 
0.890000000 0.000000000 
0.895000000 0.000000000 
0.900000000 0.000000000 
0.905000000 0.000000000 
0.910000000 0.000000000 
0.915000000 0.000000000 
0.920000000 0.000000000 
0.925000000 0.000000000 
0.930000000 0.000000000 
0.935000000 0.000000000 
0.940000000 0.000000000 
0.945000000 0.000000000 
0.950000000 0.000000000 
0.955000000 0.000000000 
0.960000000 0.000000000 
0.965000000 0.000000000 
0.970000000 0.000000000 
0.975000000 0.000000000 
0.980000000 0.000000000 
0.985000000 0.000000000 
0.990000000 0.000000000 
0.995000000 0.000000000 
1.000000000 0.000000000 

7 7
201
0.000000000 1.000000000 
0.005000000 0.524500000 
0.010000000 0.277500000 
0.015000000 0.149500000 
0.020000000 0.076500000 
0.025000000 0.031000000 
0.030000000 0.017500000 
0.035000000 0.012000000 
0.040000000 0.005000000 
0.045000000 0.004000000 
0.050000000 0.000500000 
0.055000000 0.001000000 
0.060000000 0.000500000 
0.065000000 0.000000000 
0.070000000 0.000000000 
0.075000000 0.000000000 
0.080000000 0.000000000 
0.085000000 0.000000000 
0.090000000 0.000000000 
0.095000000 0.000000000 
0.100000000 0.000000000 
0.105000000 0.000000000 
0.110000000 0.000000000 
0.115000000 0.000000000 
0.120000000 0.000000000 
0.125000000 0.000000000 
0.130000000 0.000000000 
0.135000000 0.000000000 
0.140000000 0.000000000 
0.145000000 0.000000000 
0.150000000 0.000000000 
0.155000000 0.000000000 
0.160000000 0.000000000 
0.165000000 0.000000000 
0.170000000 0.000000000 
0.175000000 0.000000000 
0.180000000 0.000000000 
0.185000000 0.000000000 
0.190000000 0.000000000 
0.195000000 0.000000000 
0.200000000 0.000000000 
0.205000000 0.000000000 
0.210000000 0.000000000 
0.215000000 0.000000000 
0.220000000 0.000000000 
0.225000000 0.000000000 
0.230000000 0.000000000 
0.235000000 0.000000000 
0.240000000 0.000000000 
0.245000000 0.000000000 
0.250000000 0.000000000 
0.255000000 0.000000000 
0.260000000 0.000000000 
0.265000000 0.000000000 
0.270000000 0.000000000 
0.275000000 0.000000000 
0.280000000 0.000000000 
0.285000000 0.000000000 
0.290000000 0.000000000 
0.295000000 0.000000000 
0.300000000 0.000000000 
0.305000000 0.000000000 
0.310000000 0.000000000 
0.315000000 0.000000000 
0.320000000 0.000000000 
0.325000000 0.000000000 
0.330000000 0.000000000 
0.335000000 0.000000000 
0.340000000 0.000000000 
0.345000000 0.000000000 
0.350000000 0.000000000 
0.355000000 0.000000000 
0.360000000 0.000000000 
0.365000000 0.000000000 
0.370000000 0.000000000 
0.375000000 0.000000000 
0.380000000 0.000000000 
0.385000000 0.000000000 
0.390000000 0.000000000 
0.395000000 0.000000000 
0.400000000 0.000000000 
0.405000000 0.000000000 
0.410000000 0.000000000 
0.415000000 0.000000000 
0.420000000 0.000000000 
0.425000000 0.000000000 
0.430000000 0.000000000 
0.435000000 0.000000000 
0.440000000 0.000000000 
0.445000000 0.000000000 
0.450000000 0.000000000 
0.455000000 0.000000000 
0.460000000 0.000000000 
0.465000000 0.000000000 
0.470000000 0.000000000 
0.475000000 0.000000000 
0.480000000 0.000000000 
0.485000000 0.000000000 
0.490000000 0.000000000 
0.495000000 0.000000000 
0.500000000 0.000000000 
0.505000000 0.000000000 
0.510000000 0.000000000 
0.515000000 0.000000000 
0.520000000 0.000000000 
0.525000000 0.000000000 
0.530000000 0.000000000 
0.535000000 0.000000000 
0.540000000 0.000000000 
0.545000000 0.000000000 
0.550000000 0.000000000 
0.555000000 0.000000000 
0.560000000 0.000000000 
0.565000000 0.000000000 
0.570000000 0.000000000 
0.575000000 0.000000000 
0.580000000 0.000000000 
0.585000000 0.000000000 
0.590000000 0.000000000 
0.595000000 0.000000000 
0.600000000 0.000000000 
0.605000000 0.000000000 
0.610000000 0.000000000 
0.615000000 0.000000000 
0.620000000 0.000000000 
0.625000000 0.000000000 
0.630000000 0.000000000 
0.635000000 0.000000000 
0.640000000 0.000000000 
0.645000000 0.000000000 
0.650000000 0.000000000 
0.655000000 0.000000000 
0.660000000 0.000000000 
0.665000000 0.000000000 
0.670000000 0.000000000 
0.675000000 0.000000000 
0.680000000 0.000000000 
0.685000000 0.000000000 
0.690000000 0.000000000 
0.695000000 0.000000000 
0.700000000 0.000000000 
0.705000000 0.000000000 
0.710000000 0.000000000 
0.715000000 0.000000000 
0.720000000 0.000000000 
0.725000000 0.000000000 
0.730000000 0.000000000 
0.735000000 0.000000000 
0.740000000 0.000000000 
0.745000000 0.000000000 
0.750000000 0.000000000 
0.755000000 0.000000000 
0.760000000 0.000000000 
0.765000000 0.000000000 
0.770000000 0.000000000 
0.775000000 0.000000000 
0.780000000 0.000000000 
0.785000000 0.000000000 
0.790000000 0.000000000 
0.795000000 0.000000000 
0.800000000 0.000000000 
0.805000000 0.000000000 
0.810000000 0.000000000 
0.815000000 0.000000000 
0.820000000 0.000000000 
0.825000000 0.000000000 
0.830000000 0.000000000 
0.835000000 0.000000000 
0.840000000 0.000000000 
0.845000000 0.000000000 
0.850000000 0.000000000 
0.855000000 0.000000000 
0.860000000 0.000000000 
0.865000000 0.000000000 
0.870000000 0.000000000 
0.875000000 0.000000000 
0.880000000 0.000000000 
0.885000000 0.000000000 
0.890000000 0.000000000 
0.895000000 0.000000000 
0.900000000 0.000000000 
0.905000000 0.000000000 
0.910000000 0.000000000 
0.915000000 0.000000000 
0.920000000 0.000000000 
0.925000000 0.000000000 
0.930000000 0.000000000 
0.935000000 0.000000000 
0.940000000 0.000000000 
0.945000000 0.000000000 
0.950000000 0.000000000 
0.955000000 0.000000000 
0.960000000 0.000000000 
0.965000000 0.000000000 
0.970000000 0.000000000 
0.975000000 0.000000000 
0.980000000 0.000000000 
0.985000000 0.000000000 
0.990000000 0.000000000 
0.995000000 0.000000000 
1.000000000 0.000000000 

