0
0 0
201
0.000000000 1.000000000 1.000000000
0.005000000 0.995000000 0.995000000
0.010000000 0.993500000 0.990000000
0.015000000 0.983500000 0.985000000
0.020000000 0.978500000 0.980000000
0.025000000 0.976500000 0.975000000
0.030000000 0.973000000 0.970000000
0.035000000 0.963500000 0.965000000
0.040000000 0.963500000 0.960000000
0.045000000 0.952500000 0.955000000
0.050000000 0.947000000 0.950000000
0.055000000 0.934500000 0.945000000
0.060000000 0.946000000 0.940000000
0.065000000 0.937500000 0.935000000
0.070000000 0.934500000 0.930000000
0.075000000 0.924000000 0.925000000
0.080000000 0.930500000 0.920000000
0.085000000 0.915000000 0.915000000
0.090000000 0.902000000 0.910000000
0.095000000 0.885500000 0.905000000
0.100000000 0.904000000 0.900000000
0.105000000 0.895500000 0.895000000
0.110000000 0.898000000 0.890000000
0.115000000 0.892500000 0.885000000
0.120000000 0.879500000 0.880000000
0.125000000 0.877000000 0.875000000
0.130000000 0.882000000 0.870000000
0.135000000 0.864000000 0.865000000
0.140000000 0.854000000 0.860000000
0.145000000 0.849500000 0.855000000
0.150000000 0.840500000 0.850000000
0.155000000 0.840500000 0.845000000
0.160000000 0.847000000 0.840000000
0.165000000 0.837500000 0.835000000
0.170000000 0.833500000 0.830000000
0.175000000 0.820000000 0.825000000
0.180000000 0.837000000 0.820000000
0.185000000 0.816500000 0.815000000
0.190000000 0.804000000 0.810000000
0.195000000 0.797500000 0.805000000
0.200000000 0.777500000 0.800000000
0.205000000 0.793500000 0.795000000
0.210000000 0.778000000 0.790000000
0.215000000 0.797000000 0.785000000
0.220000000 0.782000000 0.780000000
0.225000000 0.784000000 0.775000000
0.230000000 0.765000000 0.770000000
0.235000000 0.764000000 0.765000000
0.240000000 0.758500000 0.760000000
0.245000000 0.756000000 0.755000000
0.250000000 0.725500000 0.750000000
0.255000000 0.743000000 0.745000000
0.260000000 0.751500000 0.740000000
0.265000000 0.740000000 0.735000000
0.270000000 0.727000000 0.730000000
0.275000000 0.715500000 0.725000000
0.280000000 0.732500000 0.720000000
0.285000000 0.700000000 0.715000000
0.290000000 0.718500000 0.710000000
0.295000000 0.709500000 0.705000000
0.300000000 0.697000000 0.700000000
0.305000000 0.699000000 0.695000000
0.310000000 0.681500000 0.690000000
0.315000000 0.703500000 0.685000000
0.320000000 0.685500000 0.680000000
0.325000000 0.669500000 0.675000000
0.330000000 0.679500000 0.670000000
0.335000000 0.676500000 0.665000000
0.340000000 0.663000000 0.660000000
0.345000000 0.643500000 0.655000000
0.350000000 0.626000000 0.650000000
0.355000000 0.633500000 0.645000000
0.360000000 0.649000000 0.640000000
0.365000000 0.621000000 0.635000000
0.370000000 0.637000000 0.630000000
0.375000000 0.625500000 0.625000000
0.380000000 0.611500000 0.620000000
0.385000000 0.611000000 0.615000000
0.390000000 0.603000000 0.610000000
0.395000000 0.630500000 0.605000000
0.400000000 0.602500000 0.600000000
0.405000000 0.609000000 0.595000000
0.410000000 0.603500000 0.590000000
0.415000000 0.584000000 0.585000000
0.420000000 0.595500000 0.580000000
0.425000000 0.574000000 0.575000000
0.430000000 0.569000000 0.570000000
0.435000000 0.570000000 0.565000000
0.440000000 0.562500000 0.560000000
0.445000000 0.565000000 0.555000000
0.450000000 0.555000000 0.550000000
0.455000000 0.553000000 0.545000000
0.460000000 0.543000000 0.540000000
0.465000000 0.541500000 0.535000000
0.470000000 0.543000000 0.530000000
0.475000000 0.511000000 0.525000000
0.480000000 0.518500000 0.520000000
0.485000000 0.529500000 0.515000000
0.490000000 0.509500000 0.510000000
0.495000000 0.523500000 0.505000000
0.500000000 0.510500000 0.500000000
0.505000000 0.515000000 0.495000000
0.510000000 0.486500000 0.490000000
0.515000000 0.496500000 0.485000000
0.520000000 0.480000000 0.480000000
0.525000000 0.480000000 0.475000000
0.530000000 0.449500000 0.470000000
0.535000000 0.444000000 0.465000000
0.540000000 0.464000000 0.460000000
0.545000000 0.449000000 0.455000000
0.550000000 0.444000000 0.450000000
0.555000000 0.462000000 0.445000000
0.560000000 0.446500000 0.440000000
0.565000000 0.415000000 0.435000000
0.570000000 0.436500000 0.430000000
0.575000000 0.420000000 0.425000000
0.580000000 0.428500000 0.420000000
0.585000000 0.408500000 0.415000000
0.590000000 0.413000000 0.410000000
0.595000000 0.430000000 0.405000000
0.600000000 0.402000000 0.400000000
0.605000000 0.382500000 0.395000000
0.610000000 0.395000000 0.390000000
0.615000000 0.378000000 0.385000000
0.620000000 0.388500000 0.380000000
0.625000000 0.372500000 0.375000000
0.630000000 0.381000000 0.370000000
0.635000000 0.365500000 0.365000000
0.640000000 0.371000000 0.360000000
0.645000000 0.363000000 0.355000000
0.650000000 0.357000000 0.350000000
0.655000000 0.349000000 0.345000000
0.660000000 0.338500000 0.340000000
0.665000000 0.324000000 0.335000000
0.670000000 0.332500000 0.330000000
0.675000000 0.334500000 0.325000000
0.680000000 0.312500000 0.320000000
0.685000000 0.317000000 0.315000000
0.690000000 0.313000000 0.310000000
0.695000000 0.309000000 0.305000000
0.700000000 0.307500000 0.300000000
0.705000000 0.308000000 0.295000000
0.710000000 0.290000000 0.290000000
0.715000000 0.300000000 0.285000000
0.720000000 0.275000000 0.280000000
0.725000000 0.271500000 0.275000000
0.730000000 0.263000000 0.270000000
0.735000000 0.249500000 0.265000000
0.740000000 0.260000000 0.260000000
0.745000000 0.266000000 0.255000000
0.750000000 0.262500000 0.250000000
0.755000000 0.241500000 0.245000000
0.760000000 0.246000000 0.240000000
0.765000000 0.226500000 0.235000000
0.770000000 0.237500000 0.230000000
0.775000000 0.206000000 0.225000000
0.780000000 0.217000000 0.220000000
0.785000000 0.223500000 0.215000000
0.790000000 0.208000000 0.210000000
0.795000000 0.213000000 0.205000000
0.800000000 0.206000000 0.200000000
0.805000000 0.189500000 0.195000000
0.810000000 0.196500000 0.190000000
0.815000000 0.179000000 0.185000000
0.820000000 0.196000000 0.180000000
0.825000000 0.185500000 0.175000000
0.830000000 0.173000000 0.170000000
0.835000000 0.173500000 0.165000000
0.840000000 0.154000000 0.160000000
0.845000000 0.148500000 0.155000000
0.850000000 0.160500000 0.150000000
0.855000000 0.147000000 0.145000000
0.860000000 0.122500000 0.140000000
0.865000000 0.140000000 0.135000000
0.870000000 0.131500000 0.130000000
0.875000000 0.118500000 0.125000000
0.880000000 0.117500000 0.120000000
0.885000000 0.118500000 0.115000000
0.890000000 0.114000000 0.110000000
0.895000000 0.098500000 0.105000000
0.900000000 0.105500000 0.100000000
0.905000000 0.087000000 0.095000000
0.910000000 0.086500000 0.090000000
0.915000000 0.082500000 0.085000000
0.920000000 0.071000000 0.080000000
0.925000000 0.068500000 0.075000000
0.930000000 0.075000000 0.070000000
0.935000000 0.068000000 0.065000000
0.940000000 0.059000000 0.060000000
0.945000000 0.057500000 0.055000000
0.950000000 0.045000000 0.050000000
0.955000000 0.046500000 0.045000000
0.960000000 0.036500000 0.040000000
0.965000000 0.037500000 0.035000000
0.970000000 0.035000000 0.030000000
0.975000000 0.029000000 0.025000000
0.980000000 0.024000000 0.020000000
0.985000000 0.015500000 0.015000000
0.990000000 0.011000000 0.010000000
0.995000000 0.006500000 0.005000000
1.000000000 0.000000000 0.000000000

