3
3 0
201
0.000000000 1.000000000 1.000000000
0.005000000 1.000000000 1.000000000
0.010000000 1.000000000 0.999999995
0.015000000 1.000000000 0.999999959
0.020000000 1.000000000 0.999999830
0.025000000 1.000000000 0.999999487
0.030000000 1.000000000 0.999998739
0.035000000 1.000000000 0.999997308
0.040000000 1.000000000 0.999994820
0.045000000 1.000000000 0.999990785
0.050000000 1.000000000 0.999984595
0.055000000 0.999500000 0.999975512
0.060000000 1.000000000 0.999962656
0.065000000 1.000000000 0.999945005
0.070000000 1.000000000 0.999921384
0.075000000 1.000000000 0.999890460
0.080000000 1.000000000 0.999850741
0.085000000 1.000000000 0.999800574
0.090000000 1.000000000 0.999738138
0.095000000 0.999000000 0.999661448
0.100000000 0.999500000 0.999568350
0.105000000 0.999000000 0.999456528
0.110000000 0.999500000 0.999323499
0.115000000 0.999500000 0.999166619
0.120000000 0.999500000 0.998983085
0.125000000 1.000000000 0.998769939
0.130000000 1.000000000 0.998524069
0.135000000 0.998500000 0.998242219
0.140000000 0.998000000 0.997920990
0.145000000 0.998000000 0.997556847
0.150000000 0.995500000 0.997146126
0.155000000 0.996500000 0.996685043
0.160000000 0.997000000 0.996169694
0.165000000 0.997500000 0.995596073
0.170000000 0.992000000 0.994960069
0.175000000 0.994000000 0.994257484
0.180000000 0.992500000 0.993484036
0.185000000 0.992500000 0.992635370
0.190000000 0.994500000 0.991707065
0.195000000 0.990000000 0.990694648
0.200000000 0.991500000 0.989593600
0.205000000 0.986500000 0.988399365
0.210000000 0.987500000 0.987107365
0.215000000 0.990500000 0.985713004
0.220000000 0.983500000 0.984211683
0.225000000 0.978000000 0.982598809
0.230000000 0.974500000 0.980869802
0.235000000 0.982500000 0.979020110
0.240000000 0.976000000 0.977045220
0.245000000 0.976500000 0.974940662
0.250000000 0.978500000 0.972702026
0.255000000 0.970500000 0.970324969
0.260000000 0.967000000 0.967805226
0.265000000 0.973500000 0.965138618
0.270000000 0.964500000 0.962321069
0.275000000 0.959500000 0.959348605
0.280000000 0.960500000 0.956217375
0.285000000 0.952000000 0.952923650
0.290000000 0.949500000 0.949463841
0.295000000 0.941500000 0.945834505
0.300000000 0.941000000 0.942032350
0.305000000 0.941500000 0.938054251
0.310000000 0.940000000 0.933897251
0.315000000 0.929000000 0.929558577
0.320000000 0.930500000 0.925035641
0.325000000 0.919500000 0.920326049
0.330000000 0.916500000 0.915427613
0.335000000 0.913000000 0.910338352
0.340000000 0.908500000 0.905056502
0.345000000 0.894000000 0.899580521
0.350000000 0.892000000 0.893909095
0.355000000 0.871000000 0.888041145
0.360000000 0.878000000 0.881975829
0.365000000 0.871000000 0.875712552
0.370000000 0.888500000 0.869250964
0.375000000 0.861000000 0.862590969
0.380000000 0.857000000 0.855732726
0.385000000 0.844500000 0.848676655
0.390000000 0.833000000 0.841423437
0.395000000 0.853500000 0.833974014
0.400000000 0.826000000 0.826329600
0.405000000 0.810000000 0.818491672
0.410000000 0.799500000 0.810461978
0.415000000 0.813500000 0.802242534
0.420000000 0.790000000 0.793835627
0.425000000 0.780500000 0.785243812
0.430000000 0.777500000 0.776469914
0.435000000 0.764000000 0.767517023
0.440000000 0.742500000 0.758388497
0.445000000 0.746000000 0.749087956
0.450000000 0.738500000 0.739619283
0.455000000 0.731500000 0.729986617
0.460000000 0.729000000 0.720194354
0.465000000 0.718500000 0.710247139
0.470000000 0.692000000 0.700149866
0.475000000 0.696000000 0.689907667
0.480000000 0.672000000 0.679525915
0.485000000 0.672000000 0.669010211
0.490000000 0.654500000 0.658366383
0.495000000 0.628500000 0.647600477
0.500000000 0.640500000 0.636718750
0.505000000 0.635500000 0.625727664
0.510000000 0.624500000 0.614633879
0.515000000 0.581500000 0.603444242
0.520000000 0.616000000 0.592165781
0.525000000 0.550000000 0.580805695
0.530000000 0.544500000 0.569371346
0.535000000 0.574000000 0.557870249
0.540000000 0.539000000 0.546310060
0.545000000 0.518500000 0.534698569
0.550000000 0.515500000 0.523043689
0.555000000 0.513000000 0.511353441
0.560000000 0.474000000 0.499635949
0.565000000 0.461000000 0.487899424
0.570000000 0.470500000 0.476152154
0.575000000 0.465500000 0.464402491
0.580000000 0.465000000 0.452658840
0.585000000 0.453000000 0.440929648
0.590000000 0.428500000 0.429223385
0.595000000 0.426500000 0.417548540
0.600000000 0.414500000 0.405913600
0.605000000 0.379000000 0.394327042
0.610000000 0.375000000 0.382797317
0.615000000 0.363500000 0.371332838
0.620000000 0.360000000 0.359941965
0.625000000 0.332500000 0.348632991
0.630000000 0.354500000 0.337414132
0.635000000 0.313000000 0.326293509
0.640000000 0.319000000 0.315279134
0.645000000 0.311500000 0.304378900
0.650000000 0.286000000 0.293600564
0.655000000 0.286000000 0.282951734
0.660000000 0.249000000 0.272439857
0.665000000 0.264500000 0.262072202
0.670000000 0.257000000 0.251855850
0.675000000 0.240000000 0.241797676
0.680000000 0.234000000 0.231904343
0.685000000 0.214000000 0.222182283
0.690000000 0.202000000 0.212637684
0.695000000 0.190000000 0.203276484
0.700000000 0.203500000 0.194104350
0.705000000 0.184000000 0.185126673
0.710000000 0.189500000 0.176348553
0.715000000 0.146000000 0.167774787
0.720000000 0.165500000 0.159409863
0.725000000 0.148500000 0.151257943
0.730000000 0.134000000 0.143322858
0.735000000 0.154000000 0.135608096
0.740000000 0.120500000 0.128116793
0.745000000 0.126000000 0.120851727
0.750000000 0.123500000 0.113815308
0.755000000 0.116000000 0.107009569
0.760000000 0.116500000 0.100436165
0.765000000 0.085000000 0.094096362
0.770000000 0.093000000 0.087991033
0.775000000 0.087000000 0.082120657
0.780000000 0.073000000 0.076485309
0.785000000 0.083000000 0.071084664
0.790000000 0.071000000 0.065917990
0.795000000 0.047000000 0.060984150
0.800000000 0.056000000 0.056281600
0.805000000 0.058500000 0.051808393
0.810000000 0.053500000 0.047562177
0.815000000 0.046000000 0.043540201
0.820000000 0.046000000 0.039739317
0.825000000 0.039000000 0.036155990
0.830000000 0.033500000 0.032786296
0.835000000 0.031500000 0.029625939
0.840000000 0.023500000 0.026670254
0.845000000 0.021500000 0.023914220
0.850000000 0.025500000 0.021352470
0.855000000 0.019000000 0.018979307
0.860000000 0.017000000 0.016788716
0.865000000 0.014000000 0.014774380
0.870000000 0.009000000 0.012929701
0.875000000 0.011500000 0.011247814
0.880000000 0.012500000 0.009721613
0.885000000 0.006500000 0.008343771
0.890000000 0.007000000 0.007106765
0.895000000 0.007500000 0.006002903
0.900000000 0.004000000 0.005024350
0.905000000 0.003500000 0.004163159
0.910000000 0.003000000 0.003411304
0.915000000 0.002000000 0.002760712
0.920000000 0.002500000 0.002203300
0.925000000 0.002000000 0.001731015
0.930000000 0.003000000 0.001335867
0.935000000 0.001500000 0.001009983
0.940000000 0.000500000 0.000745639
0.945000000 0.001000000 0.000535318
0.950000000 0.000000000 0.000371751
0.955000000 0.001000000 0.000247975
0.960000000 0.000000000 0.000157383
0.965000000 0.000000000 0.000093783
0.970000000 0.000000000 0.000051457
0.975000000 0.000000000 0.000025224
0.980000000 0.000000000 0.000010501
0.985000000 0.000000000 0.000003377
0.990000000 0.000000000 0.000000678
0.995000000 0.000000000 0.000000043
1.000000000 0.000000000 0.000000000

3 1
201
0.000000000 1.000000000 1.000000000
0.005000000 0.999500000 0.999993130
0.010000000 0.998500000 0.999946067
0.015000000 0.995500000 0.999821379
0.020000000 0.987000000 0.999584543
0.025000000 0.987000000 0.999203818
0.030000000 0.983000000 0.998650137
0.035000000 0.972000000 0.997896991
0.040000000 0.968000000 0.996920321
0.045000000 0.963000000 0.995698410
0.050000000 0.954000000 0.994211782
0.055000000 0.946500000 0.992443097
0.060000000 0.929500000 0.990377058
0.065000000 0.916000000 0.988000309
0.070000000 0.900000000 0.985301350
0.075000000 0.900000000 0.982270441
0.080000000 0.882000000 0.978899514
0.085000000 0.879500000 0.975182094
0.090000000 0.866000000 0.971113208
0.095000000 0.850000000 0.966689312
0.100000000 0.828000000 0.961908210
0.105000000 0.838000000 0.956768977
0.110000000 0.807500000 0.951271889
0.115000000 0.798500000 0.945418350
0.120000000 0.789000000 0.939210825
0.125000000 0.772000000 0.932652771
0.130000000 0.760000000 0.925748577
0.135000000 0.734000000 0.918503495
0.140000000 0.730500000 0.910923587
0.145000000 0.692500000 0.903015663
0.150000000 0.691000000 0.894787226
0.155000000 0.680000000 0.886246417
0.160000000 0.648000000 0.877401964
0.165000000 0.665500000 0.868263130
0.170000000 0.615500000 0.858839667
0.175000000 0.619000000 0.849141766
0.180000000 0.625000000 0.839180016
0.185000000 0.585000000 0.828965356
0.190000000 0.571000000 0.818509040
0.195000000 0.567000000 0.807822589
0.200000000 0.534000000 0.796917760
0.205000000 0.552000000 0.785806506
0.210000000 0.511500000 0.774500942
0.215000000 0.498500000 0.763013310
0.220000000 0.496500000 0.751355948
0.225000000 0.469000000 0.739541260
0.230000000 0.476000000 0.727581687
0.235000000 0.453500000 0.715489676
0.240000000 0.457500000 0.703277659
0.245000000 0.433500000 0.690958024
0.250000000 0.413500000 0.678543091
0.255000000 0.405000000 0.666045092
0.260000000 0.382500000 0.653476148
0.265000000 0.390000000 0.640848251
0.270000000 0.368500000 0.628173240
0.275000000 0.348000000 0.615462790
0.280000000 0.340000000 0.602728390
0.285000000 0.329000000 0.589981331
0.290000000 0.309500000 0.577232689
0.295000000 0.303500000 0.564493313
0.300000000 0.300500000 0.551773810
0.305000000 0.293500000 0.539084538
0.310000000 0.280500000 0.526435591
0.315000000 0.266500000 0.513836793
0.320000000 0.262500000 0.501297684
0.325000000 0.246000000 0.488827518
0.330000000 0.230500000 0.476435253
0.335000000 0.226500000 0.464129544
0.340000000 0.222500000 0.451918737
0.345000000 0.187500000 0.439810869
0.350000000 0.217500000 0.427813657
0.355000000 0.210000000 0.415934500
0.360000000 0.194000000 0.404180474
0.365000000 0.180000000 0.392558330
0.370000000 0.178500000 0.381074494
0.375000000 0.166500000 0.369735062
0.380000000 0.170000000 0.358545807
0.385000000 0.139000000 0.347512173
0.390000000 0.135500000 0.336639278
0.395000000 0.150000000 0.325931917
0.400000000 0.131000000 0.315394560
0.405000000 0.120500000 0.305031359
0.410000000 0.128000000 0.294846148
0.415000000 0.116000000 0.284842446
0.420000000 0.114000000 0.275023462
0.425000000 0.106500000 0.265392099
0.430000000 0.093000000 0.255950956
0.435000000 0.105000000 0.246702337
0.440000000 0.092000000 0.237648251
0.445000000 0.095500000 0.228790423
0.450000000 0.080000000 0.220130295
0.455000000 0.080500000 0.211669032
0.460000000 0.083000000 0.203407534
0.465000000 0.068000000 0.195346435
0.470000000 0.061000000 0.187486114
0.475000000 0.062500000 0.179826701
0.480000000 0.067000000 0.172368083
0.485000000 0.063500000 0.165109913
0.490000000 0.057500000 0.158051617
0.495000000 0.058500000 0.151192398
0.500000000 0.048000000 0.144531250
0.505000000 0.048000000 0.138066961
0.510000000 0.055500000 0.131798121
0.515000000 0.045000000 0.125723133
0.520000000 0.046000000 0.119840218
0.525000000 0.033500000 0.114147423
0.530000000 0.033000000 0.108642633
0.535000000 0.039500000 0.103323574
0.540000000 0.031000000 0.098187823
0.545000000 0.032500000 0.093232818
0.550000000 0.031500000 0.088455863
0.555000000 0.023500000 0.083854139
0.560000000 0.021000000 0.079424709
0.565000000 0.020000000 0.075164529
0.570000000 0.023000000 0.071070453
0.575000000 0.023500000 0.067139243
0.580000000 0.020000000 0.063367578
0.585000000 0.016000000 0.059752057
0.590000000 0.021500000 0.056289210
0.595000000 0.013500000 0.052975507
0.600000000 0.015500000 0.049807360
0.605000000 0.016000000 0.046781136
0.610000000 0.011000000 0.043893162
0.615000000 0.006500000 0.041139728
0.620000000 0.010500000 0.038517103
0.625000000 0.013000000 0.036021531
0.630000000 0.012000000 0.033649245
0.635000000 0.010500000 0.031396472
0.640000000 0.006500000 0.029259437
0.645000000 0.006500000 0.027234371
0.650000000 0.006000000 0.025317513
0.655000000 0.007000000 0.023505124
0.660000000 0.002500000 0.021793483
0.665000000 0.004500000 0.020178898
0.670000000 0.006500000 0.018657709
0.675000000 0.004000000 0.017226293
0.680000000 0.004000000 0.015881071
0.685000000 0.002000000 0.014618508
0.690000000 0.003500000 0.013435119
0.695000000 0.003000000 0.012327477
0.700000000 0.001000000 0.011292210
0.705000000 0.002000000 0.010326009
0.710000000 0.002000000 0.009425630
0.715000000 0.001500000 0.008587897
0.720000000 0.002500000 0.007809707
0.725000000 0.002000000 0.007088028
0.730000000 0.002500000 0.006419906
0.735000000 0.002000000 0.005802465
0.740000000 0.001000000 0.005232910
0.745000000 0.001500000 0.004708526
0.750000000 0.000000000 0.004226685
0.755000000 0.000500000 0.003784841
0.760000000 0.000000000 0.003380535
0.765000000 0.000000000 0.003011397
0.770000000 0.000000000 0.002675142
0.775000000 0.001000000 0.002369574
0.780000000 0.000000000 0.002092585
0.785000000 0.000500000 0.001842156
0.790000000 0.000500000 0.001616357
0.795000000 0.000000000 0.001413343
0.800000000 0.000500000 0.001231360
0.805000000 0.000000000 0.001068737
0.810000000 0.000500000 0.000923892
0.815000000 0.000500000 0.000795324
0.820000000 0.000500000 0.000681619
0.825000000 0.000000000 0.000581441
0.830000000 0.000000000 0.000493538
0.835000000 0.000000000 0.000416735
0.840000000 0.000000000 0.000349932
0.845000000 0.000500000 0.000292107
0.850000000 0.000000000 0.000242307
0.855000000 0.000000000 0.000199652
0.860000000 0.000000000 0.000163328
0.865000000 0.000000000 0.000132587
0.870000000 0.000000000 0.000106744
0.875000000 0.000000000 0.000085175
0.880000000 0.000000000 0.000067311
0.885000000 0.000000000 0.000052640
0.890000000 0.000000000 0.000040700
0.895000000 0.000000000 0.000031079
0.900000000 0.000000000 0.000023410
0.905000000 0.000000000 0.000017370
0.910000000 0.000000000 0.000012675
0.915000000 0.000000000 0.000009079
0.920000000 0.000000000 0.000006369
0.925000000 0.000000000 0.000004364
0.930000000 0.000000000 0.000002911
0.935000000 0.000000000 0.000001883
0.940000000 0.000000000 0.000001176
0.945000000 0.000000000 0.000000704
0.950000000 0.000000000 0.000000401
0.955000000 0.000000000 0.000000215
0.960000000 0.000000000 0.000000107
0.965000000 0.000000000 0.000000048
0.970000000 0.000000000 0.000000019
0.975000000 0.000000000 0.000000007
0.980000000 0.000000000 0.000000002
0.985000000 0.000000000 0.000000000
0.990000000 0.000000000 0.000000000
0.995000000 0.000000000 0.000000000
1.000000000 0.000000000 0.000000000

3 2
201
0.000000000 1.000000000 1.000000000
0.005000000 0.966500000 0.999313869
0.010000000 0.922500000 0.997309922
0.015000000 0.893500000 0.994067537
0.020000000 0.849000000 0.989663108
0.025000000 0.838500000 0.984170122
0.030000000 0.807500000 0.977659242
0.035000000 0.759000000 0.970198379
0.040000000 0.713000000 0.961852772
0.045000000 0.706500000 0.952685058
0.050000000 0.662500000 0.942755350
0.055000000 0.642500000 0.932121302
0.060000000 0.620500000 0.920838184
0.065000000 0.584500000 0.908958948
0.070000000 0.540000000 0.896534297
0.075000000 0.533500000 0.883612748
0.080000000 0.522500000 0.870240698
0.085000000 0.504500000 0.856462487
0.090000000 0.459500000 0.842320462
0.095000000 0.450500000 0.827855031
0.100000000 0.421000000 0.813104730
0.105000000 0.408500000 0.798106277
0.110000000 0.404000000 0.782894628
0.115000000 0.395500000 0.767503034
0.120000000 0.351000000 0.751963097
0.125000000 0.331500000 0.736304820
0.130000000 0.321000000 0.720556658
0.135000000 0.298500000 0.704745575
0.140000000 0.296000000 0.688897088
0.145000000 0.276500000 0.673035316
0.150000000 0.268000000 0.657183031
0.155000000 0.249500000 0.641361700
0.160000000 0.241000000 0.625591535
0.165000000 0.238000000 0.609891531
0.170000000 0.220000000 0.594279517
0.175000000 0.219000000 0.578772190
0.180000000 0.199000000 0.563385163
0.185000000 0.182000000 0.548133002
0.190000000 0.177500000 0.533029264
0.195000000 0.175500000 0.518086538
0.200000000 0.181000000 0.503316480
0.205000000 0.148000000 0.488729851
0.210000000 0.141000000 0.474336552
0.215000000 0.141500000 0.460145657
0.220000000 0.135500000 0.446165449
0.225000000 0.124500000 0.432403451
0.230000000 0.122500000 0.418866457
0.235000000 0.125000000 0.405560568
0.240000000 0.116000000 0.392491215
0.245000000 0.111500000 0.379663193
0.250000000 0.099000000 0.367080688
0.255000000 0.094500000 0.354747308
0.260000000 0.098000000 0.342666104
0.265000000 0.078000000 0.330839599
0.270000000 0.075500000 0.319269817
0.275000000 0.072000000 0.307958302
0.280000000 0.064000000 0.296906145
0.285000000 0.074500000 0.286114007
0.290000000 0.058500000 0.275582141
0.295000000 0.058500000 0.265310414
0.300000000 0.058500000 0.255298330
0.305000000 0.055500000 0.245545046
0.310000000 0.057000000 0.236049398
0.315000000 0.048000000 0.226809914
0.320000000 0.045500000 0.217824838
0.325000000 0.045500000 0.209092143
0.330000000 0.036000000 0.200609554
0.335000000 0.042500000 0.192374560
0.340000000 0.038500000 0.184384432
0.345000000 0.036000000 0.176636239
0.350000000 0.030000000 0.169126862
0.355000000 0.026000000 0.161853012
0.360000000 0.028500000 0.154811237
0.365000000 0.023500000 0.147997944
0.370000000 0.021000000 0.141409405
0.375000000 0.024500000 0.135041773
0.380000000 0.019000000 0.128891095
0.385000000 0.023000000 0.122953318
0.390000000 0.021500000 0.117224308
0.395000000 0.021500000 0.111699853
0.400000000 0.021500000 0.106375680
0.405000000 0.021000000 0.101247458
0.410000000 0.016500000 0.096310812
0.415000000 0.014500000 0.091561332
0.420000000 0.014000000 0.086994576
0.425000000 0.011500000 0.082606086
0.430000000 0.011000000 0.078391389
0.435000000 0.015000000 0.074346009
0.440000000 0.008000000 0.070465470
0.445000000 0.009500000 0.066745305
0.450000000 0.011500000 0.063181062
0.455000000 0.007500000 0.059768310
0.460000000 0.010000000 0.056502644
0.465000000 0.005500000 0.053379689
0.470000000 0.006500000 0.050395108
0.475000000 0.002500000 0.047544604
0.480000000 0.006000000 0.044823926
0.485000000 0.003500000 0.042228872
0.490000000 0.004000000 0.039755293
0.495000000 0.002500000 0.037399096
0.500000000 0.002500000 0.035156250
0.505000000 0.002500000 0.033022784
0.510000000 0.004000000 0.030994794
0.515000000 0.002500000 0.029068445
0.520000000 0.002500000 0.027239971
0.525000000 0.001500000 0.025505679
0.530000000 0.003000000 0.023861949
0.535000000 0.002000000 0.022305239
0.540000000 0.002500000 0.020832084
0.545000000 0.001500000 0.019439096
0.550000000 0.001500000 0.018122968
0.555000000 0.002000000 0.016880474
0.560000000 0.001000000 0.015708468
0.565000000 0.001500000 0.014603887
0.570000000 0.001500000 0.013563749
0.575000000 0.001000000 0.012585155
0.580000000 0.003500000 0.011665290
0.585000000 0.001500000 0.010801420
0.590000000 0.001000000 0.009990894
0.595000000 0.000500000 0.009231143
0.600000000 0.000000000 0.008519680
0.605000000 0.000500000 0.007854099
0.610000000 0.000000000 0.007232074
0.615000000 0.000000000 0.006651361
0.620000000 0.000500000 0.006109792
0.625000000 0.000000000 0.005605280
0.630000000 0.000000000 0.005135815
0.635000000 0.000000000 0.004699460
0.640000000 0.000000000 0.004294356
0.645000000 0.000000000 0.003918718
0.650000000 0.000000000 0.003570831
0.655000000 0.000000000 0.003249053
0.660000000 0.000000000 0.002951812
0.665000000 0.000500000 0.002677603
0.670000000 0.000000000 0.002424989
0.675000000 0.000000000 0.002192598
0.680000000 0.000000000 0.001979121
0.685000000 0.000000000 0.001783312
0.690000000 0.000000000 0.001603985
0.695000000 0.000000000 0.001440015
0.700000000 0.000000000 0.001290330
0.705000000 0.000000000 0.001153918
0.710000000 0.000500000 0.001029818
0.715000000 0.000000000 0.000917122
0.720000000 0.000000000 0.000814973
0.725000000 0.000000000 0.000722562
0.730000000 0.000000000 0.000639128
0.735000000 0.000000000 0.000563953
0.740000000 0.000000000 0.000496366
0.745000000 0.000000000 0.000435735
0.750000000 0.000000000 0.000381470
0.755000000 0.000000000 0.000333018
0.760000000 0.000000000 0.000289865
0.765000000 0.000000000 0.000251530
0.770000000 0.000000000 0.000217568
0.775000000 0.000000000 0.000187565
0.780000000 0.000000000 0.000161136
0.785000000 0.000000000 0.000137927
0.790000000 0.000000000 0.000117611
0.795000000 0.000000000 0.000099888
0.800000000 0.000000000 0.000084480
0.805000000 0.000000000 0.000071135
0.810000000 0.000000000 0.000059621
0.815000000 0.000000000 0.000049728
0.820000000 0.000000000 0.000041264
0.825000000 0.000000000 0.000034055
0.830000000 0.000000000 0.000027944
0.835000000 0.000000000 0.000022791
0.840000000 0.000000000 0.000018468
0.845000000 0.000000000 0.000014863
0.850000000 0.000000000 0.000011875
0.855000000 0.000000000 0.000009413
0.860000000 0.000000000 0.000007400
0.865000000 0.000000000 0.000005765
0.870000000 0.000000000 0.000004449
0.875000000 0.000000000 0.000003397
0.880000000 0.000000000 0.000002566
0.885000000 0.000000000 0.000001914
0.890000000 0.000000000 0.000001409
0.895000000 0.000000000 0.000001022
0.900000000 0.000000000 0.000000730
0.905000000 0.000000000 0.000000512
0.910000000 0.000000000 0.000000353
0.915000000 0.000000000 0.000000237
0.920000000 0.000000000 0.000000156
0.925000000 0.000000000 0.000000100
0.930000000 0.000000000 0.000000062
0.935000000 0.000000000 0.000000037
0.940000000 0.000000000 0.000000021
0.945000000 0.000000000 0.000000012
0.950000000 0.000000000 0.000000006
0.955000000 0.000000000 0.000000003
0.960000000 0.000000000 0.000000001
0.965000000 0.000000000 0.000000000
0.970000000 0.000000000 0.000000000
0.975000000 0.000000000 0.000000000
0.980000000 0.000000000 0.000000000
0.985000000 0.000000000 0.000000000
0.990000000 0.000000000 0.000000000
0.995000000 0.000000000 0.000000000
1.000000000 0.000000000 0.000000000

3 3
201
0.000000000 1.000000000 1.000000000
0.005000000 0.955500000 0.960693044
0.010000000 0.921500000 0.922744694
0.015000000 0.892000000 0.886114502
0.020000000 0.863500000 0.850763023
0.025000000 0.807000000 0.816651804
0.030000000 0.780000000 0.783743359
0.035000000 0.762500000 0.752001153
0.040000000 0.717000000 0.721389579
0.045000000 0.678000000 0.691873940
0.050000000 0.659500000 0.663420431
0.055000000 0.636500000 0.635996123
0.060000000 0.610000000 0.609568939
0.065000000 0.576000000 0.584107640
0.070000000 0.550000000 0.559581810
0.075000000 0.533500000 0.535961831
0.080000000 0.525000000 0.513218873
0.085000000 0.485000000 0.491324875
0.090000000 0.473000000 0.470252528
0.095000000 0.467000000 0.449975257
0.100000000 0.425500000 0.430467210
0.105000000 0.401000000 0.411703238
0.110000000 0.402000000 0.393658881
0.115000000 0.394000000 0.376310352
0.120000000 0.358000000 0.359634525
0.125000000 0.348000000 0.343608916
0.130000000 0.314500000 0.328211672
0.135000000 0.311000000 0.313421554
0.140000000 0.296500000 0.299217927
0.145000000 0.297000000 0.285580742
0.150000000 0.294000000 0.272490525
0.155000000 0.245500000 0.259928363
0.160000000 0.254000000 0.247875891
0.165000000 0.232500000 0.236315280
0.170000000 0.224000000 0.225229223
0.175000000 0.207000000 0.214600924
0.180000000 0.190500000 0.204414086
0.185000000 0.185000000 0.194652896
0.190000000 0.193000000 0.185302019
0.195000000 0.183000000 0.176346581
0.200000000 0.170000000 0.167772160
0.205000000 0.162000000 0.159564777
0.210000000 0.151000000 0.151710881
0.215000000 0.143000000 0.144197342
0.220000000 0.143000000 0.137011437
0.225000000 0.141000000 0.130140844
0.230000000 0.128500000 0.123573629
0.235000000 0.121000000 0.117298236
0.240000000 0.108000000 0.111303479
0.245000000 0.098000000 0.105578531
0.250000000 0.097500000 0.100112915
0.255000000 0.097500000 0.094896497
0.260000000 0.091500000 0.089919474
0.265000000 0.085000000 0.085172366
0.270000000 0.069500000 0.080646009
0.275000000 0.079000000 0.076331545
0.280000000 0.074000000 0.072220414
0.285000000 0.064000000 0.068304346
0.290000000 0.060500000 0.064575353
0.295000000 0.053000000 0.061025723
0.300000000 0.055000000 0.057648010
0.305000000 0.057500000 0.054435026
0.310000000 0.058000000 0.051379837
0.315000000 0.051000000 0.048475754
0.320000000 0.041500000 0.045716324
0.325000000 0.046500000 0.043095327
0.330000000 0.039500000 0.040606768
0.335000000 0.036000000 0.038244868
0.340000000 0.037500000 0.036004061
0.345000000 0.030000000 0.033878986
0.350000000 0.032000000 0.031864481
0.355000000 0.032000000 0.029955579
0.360000000 0.021500000 0.028147498
0.365000000 0.022500000 0.026435638
0.370000000 0.027000000 0.024815578
0.375000000 0.029500000 0.023283064
0.380000000 0.021000000 0.021834011
0.385000000 0.023000000 0.020464490
0.390000000 0.022500000 0.019170731
0.395000000 0.015500000 0.017949113
0.400000000 0.016500000 0.016796160
0.405000000 0.017000000 0.015708537
0.410000000 0.015000000 0.014683044
0.415000000 0.011000000 0.013716614
0.420000000 0.014500000 0.012806308
0.425000000 0.007000000 0.011949308
0.430000000 0.014000000 0.011142916
0.435000000 0.008500000 0.010384548
0.440000000 0.012500000 0.009671731
0.445000000 0.008000000 0.009002101
0.450000000 0.009000000 0.008373394
0.455000000 0.007000000 0.007783448
0.460000000 0.011500000 0.007230196
0.465000000 0.008500000 0.006711665
0.470000000 0.005500000 0.006225969
0.475000000 0.003000000 0.005771310
0.480000000 0.004000000 0.005345973
0.485000000 0.003500000 0.004948321
0.490000000 0.002000000 0.004576794
0.495000000 0.001500000 0.004229909
0.500000000 0.002500000 0.003906250
0.505000000 0.001500000 0.003604471
0.510000000 0.002000000 0.003323293
0.515000000 0.003500000 0.003061497
0.520000000 0.001500000 0.002817928
0.525000000 0.001000000 0.002591486
0.530000000 0.002500000 0.002381129
0.535000000 0.003000000 0.002185866
0.540000000 0.001000000 0.002004761
0.545000000 0.002000000 0.001836924
0.550000000 0.002500000 0.001681513
0.555000000 0.002500000 0.001537730
0.560000000 0.002500000 0.001404822
0.565000000 0.000500000 0.001282077
0.570000000 0.002000000 0.001168820
0.575000000 0.001500000 0.001064416
0.580000000 0.001000000 0.000968265
0.585000000 0.002000000 0.000879802
0.590000000 0.000500000 0.000798493
0.595000000 0.000500000 0.000723836
0.600000000 0.002000000 0.000655360
0.605000000 0.000000000 0.000592621
0.610000000 0.000000000 0.000535201
0.615000000 0.000000000 0.000482709
0.620000000 0.000500000 0.000434779
0.625000000 0.001500000 0.000391066
0.630000000 0.000000000 0.000351248
0.635000000 0.000500000 0.000315023
0.640000000 0.000000000 0.000282111
0.645000000 0.000000000 0.000252247
0.650000000 0.000000000 0.000225188
0.655000000 0.000000000 0.000200702
0.660000000 0.000000000 0.000178579
0.665000000 0.000500000 0.000158620
0.670000000 0.000000000 0.000140641
0.675000000 0.000000000 0.000124471
0.680000000 0.000500000 0.000109951
0.685000000 0.000000000 0.000096936
0.690000000 0.000000000 0.000085289
0.695000000 0.000000000 0.000074886
0.700000000 0.000000000 0.000065610
0.705000000 0.000000000 0.000057356
0.710000000 0.000000000 0.000050025
0.715000000 0.000000000 0.000043527
0.720000000 0.000000000 0.000037780
0.725000000 0.000000000 0.000032709
0.730000000 0.000000000 0.000028243
0.735000000 0.000000000 0.000024320
0.740000000 0.000500000 0.000020883
0.745000000 0.000000000 0.000017878
0.750000000 0.000000000 0.000015259
0.755000000 0.000000000 0.000012982
0.760000000 0.000000000 0.000011008
0.765000000 0.000000000 0.000009301
0.770000000 0.000000000 0.000007831
0.775000000 0.000000000 0.000006568
0.780000000 0.000000000 0.000005488
0.785000000 0.000000000 0.000004566
0.790000000 0.000000000 0.000003782
0.795000000 0.000000000 0.000003119
0.800000000 0.000000000 0.000002560
0.805000000 0.000000000 0.000002091
0.810000000 0.000000000 0.000001698
0.815000000 0.000000000 0.000001372
0.820000000 0.000000000 0.000001102
0.825000000 0.000000000 0.000000880
0.830000000 0.000000000 0.000000698
0.835000000 0.000000000 0.000000549
0.840000000 0.000000000 0.000000429
0.845000000 0.000000000 0.000000333
0.850000000 0.000000000 0.000000256
0.855000000 0.000000000 0.000000195
0.860000000 0.000000000 0.000000148
0.865000000 0.000000000 0.000000110
0.870000000 0.000000000 0.000000082
0.875000000 0.000000000 0.000000060
0.880000000 0.000000000 0.000000043
0.885000000 0.000000000 0.000000031
0.890000000 0.000000000 0.000000021
0.895000000 0.000000000 0.000000015
0.900000000 0.000000000 0.000000010
0.905000000 0.000000000 0.000000007
0.910000000 0.000000000 0.000000004
0.915000000 0.000000000 0.000000003
0.920000000 0.000000000 0.000000002
0.925000000 0.000000000 0.000000001
0.930000000 0.000000000 0.000000001
0.935000000 0.000000000 0.000000000
0.940000000 0.000000000 0.000000000
0.945000000 0.000000000 0.000000000
0.950000000 0.000000000 0.000000000
0.955000000 0.000000000 0.000000000
0.960000000 0.000000000 0.000000000
0.965000000 0.000000000 0.000000000
0.970000000 0.000000000 0.000000000
0.975000000 0.000000000 0.000000000
0.980000000 0.000000000 0.000000000
0.985000000 0.000000000 0.000000000
0.990000000 0.000000000 0.000000000
0.995000000 0.000000000 0.000000000
1.000000000 0.000000000 0.000000000

