4
4 0
201
0.000000000 1.000000000 
0.005000000 1.000000000 
0.010000000 1.000000000 
0.015000000 1.000000000 
0.020000000 1.000000000 
0.025000000 1.000000000 
0.030000000 1.000000000 
0.035000000 1.000000000 
0.040000000 1.000000000 
0.045000000 1.000000000 
0.050000000 1.000000000 
0.055000000 1.000000000 
0.060000000 1.000000000 
0.065000000 1.000000000 
0.070000000 1.000000000 
0.075000000 1.000000000 
0.080000000 1.000000000 
0.085000000 1.000000000 
0.090000000 1.000000000 
0.095000000 1.000000000 
0.100000000 1.000000000 
0.105000000 1.000000000 
0.110000000 1.000000000 
0.115000000 1.000000000 
0.120000000 1.000000000 
0.125000000 1.000000000 
0.130000000 1.000000000 
0.135000000 0.999500000 
0.140000000 1.000000000 
0.145000000 1.000000000 
0.150000000 0.999000000 
0.155000000 1.000000000 
0.160000000 0.999000000 
0.165000000 0.998500000 
0.170000000 1.000000000 
0.175000000 0.999500000 
0.180000000 0.999500000 
0.185000000 0.999000000 
0.190000000 0.999000000 
0.195000000 0.999500000 
0.200000000 0.999500000 
0.205000000 0.999000000 
0.210000000 0.998000000 
0.215000000 0.996000000 
0.220000000 0.997500000 
0.225000000 0.996500000 
0.230000000 0.995000000 
0.235000000 0.994000000 
0.240000000 0.992500000 
0.245000000 0.994500000 
0.250000000 0.988500000 
0.255000000 0.991000000 
0.260000000 0.990500000 
0.265000000 0.989500000 
0.270000000 0.984500000 
0.275000000 0.984500000 
0.280000000 0.983500000 
0.285000000 0.988500000 
0.290000000 0.983000000 
0.295000000 0.976000000 
0.300000000 0.968500000 
0.305000000 0.972500000 
0.310000000 0.965500000 
0.315000000 0.957000000 
0.320000000 0.956000000 
0.325000000 0.965500000 
0.330000000 0.959000000 
0.335000000 0.947500000 
0.340000000 0.946000000 
0.345000000 0.930000000 
0.350000000 0.936000000 
0.355000000 0.924500000 
0.360000000 0.918000000 
0.365000000 0.917500000 
0.370000000 0.909500000 
0.375000000 0.903000000 
0.380000000 0.890500000 
0.385000000 0.882000000 
0.390000000 0.875000000 
0.395000000 0.862000000 
0.400000000 0.859000000 
0.405000000 0.847500000 
0.410000000 0.828500000 
0.415000000 0.830500000 
0.420000000 0.807000000 
0.425000000 0.801000000 
0.430000000 0.821000000 
0.435000000 0.776500000 
0.440000000 0.762500000 
0.445000000 0.768500000 
0.450000000 0.741000000 
0.455000000 0.728000000 
0.460000000 0.709000000 
0.465000000 0.694500000 
0.470000000 0.676500000 
0.475000000 0.666000000 
0.480000000 0.674500000 
0.485000000 0.638500000 
0.490000000 0.635000000 
0.495000000 0.614500000 
0.500000000 0.589500000 
0.505000000 0.582000000 
0.510000000 0.570500000 
0.515000000 0.564500000 
0.520000000 0.539500000 
0.525000000 0.520000000 
0.530000000 0.498000000 
0.535000000 0.510500000 
0.540000000 0.458000000 
0.545000000 0.450500000 
0.550000000 0.432500000 
0.555000000 0.419500000 
0.560000000 0.401500000 
0.565000000 0.378500000 
0.570000000 0.379000000 
0.575000000 0.362500000 
0.580000000 0.335500000 
0.585000000 0.335500000 
0.590000000 0.309000000 
0.595000000 0.298500000 
0.600000000 0.296500000 
0.605000000 0.260000000 
0.610000000 0.267000000 
0.615000000 0.246500000 
0.620000000 0.243500000 
0.625000000 0.231000000 
0.630000000 0.210000000 
0.635000000 0.204500000 
0.640000000 0.186500000 
0.645000000 0.166000000 
0.650000000 0.147000000 
0.655000000 0.150000000 
0.660000000 0.138500000 
0.665000000 0.126500000 
0.670000000 0.118500000 
0.675000000 0.106000000 
0.680000000 0.108500000 
0.685000000 0.083500000 
0.690000000 0.088000000 
0.695000000 0.072000000 
0.700000000 0.075500000 
0.705000000 0.069500000 
0.710000000 0.066500000 
0.715000000 0.057000000 
0.720000000 0.048500000 
0.725000000 0.047000000 
0.730000000 0.039000000 
0.735000000 0.038500000 
0.740000000 0.035000000 
0.745000000 0.028500000 
0.750000000 0.024000000 
0.755000000 0.020500000 
0.760000000 0.020000000 
0.765000000 0.014500000 
0.770000000 0.015000000 
0.775000000 0.014000000 
0.780000000 0.015000000 
0.785000000 0.012000000 
0.790000000 0.010000000 
0.795000000 0.011500000 
0.800000000 0.008000000 
0.805000000 0.006500000 
0.810000000 0.006500000 
0.815000000 0.005000000 
0.820000000 0.001500000 
0.825000000 0.003000000 
0.830000000 0.003000000 
0.835000000 0.003000000 
0.840000000 0.002500000 
0.845000000 0.001500000 
0.850000000 0.001500000 
0.855000000 0.000500000 
0.860000000 0.001000000 
0.865000000 0.000500000 
0.870000000 0.000000000 
0.875000000 0.000000000 
0.880000000 0.000500000 
0.885000000 0.000000000 
0.890000000 0.000000000 
0.895000000 0.000500000 
0.900000000 0.000000000 
0.905000000 0.000000000 
0.910000000 0.000000000 
0.915000000 0.000000000 
0.920000000 0.000000000 
0.925000000 0.000000000 
0.930000000 0.000000000 
0.935000000 0.000000000 
0.940000000 0.000000000 
0.945000000 0.000000000 
0.950000000 0.000000000 
0.955000000 0.000000000 
0.960000000 0.000000000 
0.965000000 0.000000000 
0.970000000 0.000000000 
0.975000000 0.000000000 
0.980000000 0.000000000 
0.985000000 0.000000000 
0.990000000 0.000000000 
0.995000000 0.000000000 
1.000000000 0.000000000 

4 1
201
0.000000000 1.000000000 
0.005000000 1.000000000 
0.010000000 1.000000000 
0.015000000 1.000000000 
0.020000000 0.999500000 
0.025000000 0.999500000 
0.030000000 0.999000000 
0.035000000 0.997500000 
0.040000000 0.997500000 
0.045000000 0.994000000 
0.050000000 0.993000000 
0.055000000 0.989000000 
0.060000000 0.986500000 
0.065000000 0.982500000 
0.070000000 0.975500000 
0.075000000 0.976500000 
0.080000000 0.965000000 
0.085000000 0.958500000 
0.090000000 0.951000000 
0.095000000 0.945500000 
0.100000000 0.934000000 
0.105000000 0.919000000 
0.110000000 0.915000000 
0.115000000 0.905000000 
0.120000000 0.890500000 
0.125000000 0.884000000 
0.130000000 0.855000000 
0.135000000 0.842000000 
0.140000000 0.815500000 
0.145000000 0.817500000 
0.150000000 0.786500000 
0.155000000 0.770500000 
0.160000000 0.775000000 
0.165000000 0.749500000 
0.170000000 0.721500000 
0.175000000 0.714000000 
0.180000000 0.685500000 
0.185000000 0.688500000 
0.190000000 0.636500000 
0.195000000 0.640500000 
0.200000000 0.604000000 
0.205000000 0.606500000 
0.210000000 0.597000000 
0.215000000 0.568000000 
0.220000000 0.528500000 
0.225000000 0.536500000 
0.230000000 0.525500000 
0.235000000 0.492000000 
0.240000000 0.481000000 
0.245000000 0.447500000 
0.250000000 0.443500000 
0.255000000 0.413500000 
0.260000000 0.395500000 
0.265000000 0.379000000 
0.270000000 0.360000000 
0.275000000 0.339500000 
0.280000000 0.314500000 
0.285000000 0.309000000 
0.290000000 0.297500000 
0.295000000 0.266000000 
0.300000000 0.262000000 
0.305000000 0.270500000 
0.310000000 0.246000000 
0.315000000 0.242000000 
0.320000000 0.222000000 
0.325000000 0.210500000 
0.330000000 0.197500000 
0.335000000 0.191000000 
0.340000000 0.172000000 
0.345000000 0.167500000 
0.350000000 0.141000000 
0.355000000 0.141500000 
0.360000000 0.150500000 
0.365000000 0.127000000 
0.370000000 0.122000000 
0.375000000 0.108500000 
0.380000000 0.104500000 
0.385000000 0.110500000 
0.390000000 0.110500000 
0.395000000 0.097000000 
0.400000000 0.081000000 
0.405000000 0.079500000 
0.410000000 0.084500000 
0.415000000 0.069000000 
0.420000000 0.060500000 
0.425000000 0.053000000 
0.430000000 0.052500000 
0.435000000 0.057000000 
0.440000000 0.049500000 
0.445000000 0.042500000 
0.450000000 0.036000000 
0.455000000 0.041500000 
0.460000000 0.037000000 
0.465000000 0.032000000 
0.470000000 0.032500000 
0.475000000 0.031500000 
0.480000000 0.028000000 
0.485000000 0.026500000 
0.490000000 0.020500000 
0.495000000 0.012500000 
0.500000000 0.020500000 
0.505000000 0.016000000 
0.510000000 0.015000000 
0.515000000 0.020500000 
0.520000000 0.011500000 
0.525000000 0.014000000 
0.530000000 0.009500000 
0.535000000 0.013000000 
0.540000000 0.008000000 
0.545000000 0.005500000 
0.550000000 0.006000000 
0.555000000 0.006500000 
0.560000000 0.004000000 
0.565000000 0.006000000 
0.570000000 0.007000000 
0.575000000 0.004500000 
0.580000000 0.003500000 
0.585000000 0.003500000 
0.590000000 0.003500000 
0.595000000 0.001000000 
0.600000000 0.001000000 
0.605000000 0.001000000 
0.610000000 0.001500000 
0.615000000 0.002500000 
0.620000000 0.001500000 
0.625000000 0.002500000 
0.630000000 0.001000000 
0.635000000 0.002500000 
0.640000000 0.000500000 
0.645000000 0.001000000 
0.650000000 0.001000000 
0.655000000 0.000000000 
0.660000000 0.001000000 
0.665000000 0.000500000 
0.670000000 0.000000000 
0.675000000 0.001500000 
0.680000000 0.000500000 
0.685000000 0.000500000 
0.690000000 0.000000000 
0.695000000 0.000000000 
0.700000000 0.000000000 
0.705000000 0.000000000 
0.710000000 0.000000000 
0.715000000 0.000000000 
0.720000000 0.000500000 
0.725000000 0.000000000 
0.730000000 0.000000000 
0.735000000 0.000000000 
0.740000000 0.000000000 
0.745000000 0.000000000 
0.750000000 0.000500000 
0.755000000 0.000000000 
0.760000000 0.000000000 
0.765000000 0.000000000 
0.770000000 0.000000000 
0.775000000 0.000000000 
0.780000000 0.000000000 
0.785000000 0.000000000 
0.790000000 0.000000000 
0.795000000 0.000000000 
0.800000000 0.000000000 
0.805000000 0.000000000 
0.810000000 0.000000000 
0.815000000 0.000000000 
0.820000000 0.000000000 
0.825000000 0.000000000 
0.830000000 0.000000000 
0.835000000 0.000000000 
0.840000000 0.000000000 
0.845000000 0.000000000 
0.850000000 0.000000000 
0.855000000 0.000000000 
0.860000000 0.000000000 
0.865000000 0.000000000 
0.870000000 0.000000000 
0.875000000 0.000000000 
0.880000000 0.000000000 
0.885000000 0.000000000 
0.890000000 0.000000000 
0.895000000 0.000000000 
0.900000000 0.000000000 
0.905000000 0.000000000 
0.910000000 0.000000000 
0.915000000 0.000000000 
0.920000000 0.000000000 
0.925000000 0.000000000 
0.930000000 0.000000000 
0.935000000 0.000000000 
0.940000000 0.000000000 
0.945000000 0.000000000 
0.950000000 0.000000000 
0.955000000 0.000000000 
0.960000000 0.000000000 
0.965000000 0.000000000 
0.970000000 0.000000000 
0.975000000 0.000000000 
0.980000000 0.000000000 
0.985000000 0.000000000 
0.990000000 0.000000000 
0.995000000 0.000000000 
1.000000000 0.000000000 

4 2
201
0.000000000 1.000000000 
0.005000000 0.995000000 
0.010000000 0.991500000 
0.015000000 0.979500000 
0.020000000 0.958500000 
0.025000000 0.943500000 
0.030000000 0.917000000 
0.035000000 0.893500000 
0.040000000 0.865000000 
0.045000000 0.849500000 
0.050000000 0.811500000 
0.055000000 0.765500000 
0.060000000 0.753500000 
0.065000000 0.721500000 
0.070000000 0.690500000 
0.075000000 0.652500000 
0.080000000 0.640500000 
0.085000000 0.606500000 
0.090000000 0.566500000 
0.095000000 0.523000000 
0.100000000 0.527500000 
0.105000000 0.489500000 
0.110000000 0.469000000 
0.115000000 0.437500000 
0.120000000 0.402500000 
0.125000000 0.395500000 
0.130000000 0.364000000 
0.135000000 0.342500000 
0.140000000 0.310500000 
0.145000000 0.297000000 
0.150000000 0.258000000 
0.155000000 0.272000000 
0.160000000 0.242000000 
0.165000000 0.224500000 
0.170000000 0.227500000 
0.175000000 0.190500000 
0.180000000 0.190000000 
0.185000000 0.175500000 
0.190000000 0.177500000 
0.195000000 0.138500000 
0.200000000 0.141500000 
0.205000000 0.136000000 
0.210000000 0.119000000 
0.215000000 0.115000000 
0.220000000 0.098000000 
0.225000000 0.093500000 
0.230000000 0.094500000 
0.235000000 0.072000000 
0.240000000 0.082500000 
0.245000000 0.065500000 
0.250000000 0.070000000 
0.255000000 0.052000000 
0.260000000 0.053500000 
0.265000000 0.046000000 
0.270000000 0.042000000 
0.275000000 0.043500000 
0.280000000 0.043500000 
0.285000000 0.039500000 
0.290000000 0.032000000 
0.295000000 0.035000000 
0.300000000 0.029000000 
0.305000000 0.029500000 
0.310000000 0.023000000 
0.315000000 0.017000000 
0.320000000 0.022500000 
0.325000000 0.018500000 
0.330000000 0.013000000 
0.335000000 0.010500000 
0.340000000 0.015500000 
0.345000000 0.006000000 
0.350000000 0.010000000 
0.355000000 0.009500000 
0.360000000 0.010500000 
0.365000000 0.008500000 
0.370000000 0.005500000 
0.375000000 0.006000000 
0.380000000 0.001500000 
0.385000000 0.004500000 
0.390000000 0.002500000 
0.395000000 0.005500000 
0.400000000 0.003000000 
0.405000000 0.003000000 
0.410000000 0.003000000 
0.415000000 0.002500000 
0.420000000 0.002500000 
0.425000000 0.001000000 
0.430000000 0.001500000 
0.435000000 0.001500000 
0.440000000 0.003000000 
0.445000000 0.001500000 
0.450000000 0.000000000 
0.455000000 0.000500000 
0.460000000 0.001000000 
0.465000000 0.000500000 
0.470000000 0.000500000 
0.475000000 0.000500000 
0.480000000 0.001500000 
0.485000000 0.001000000 
0.490000000 0.000000000 
0.495000000 0.000500000 
0.500000000 0.001000000 
0.505000000 0.000000000 
0.510000000 0.000000000 
0.515000000 0.000000000 
0.520000000 0.000000000 
0.525000000 0.000500000 
0.530000000 0.000000000 
0.535000000 0.000000000 
0.540000000 0.000000000 
0.545000000 0.000000000 
0.550000000 0.000000000 
0.555000000 0.000000000 
0.560000000 0.000000000 
0.565000000 0.000000000 
0.570000000 0.000000000 
0.575000000 0.000000000 
0.580000000 0.000000000 
0.585000000 0.000500000 
0.590000000 0.000000000 
0.595000000 0.000000000 
0.600000000 0.000000000 
0.605000000 0.000000000 
0.610000000 0.000000000 
0.615000000 0.000000000 
0.620000000 0.000000000 
0.625000000 0.000000000 
0.630000000 0.000000000 
0.635000000 0.000000000 
0.640000000 0.000000000 
0.645000000 0.000000000 
0.650000000 0.000000000 
0.655000000 0.000000000 
0.660000000 0.000000000 
0.665000000 0.000000000 
0.670000000 0.000000000 
0.675000000 0.000000000 
0.680000000 0.000000000 
0.685000000 0.000000000 
0.690000000 0.000000000 
0.695000000 0.000000000 
0.700000000 0.000000000 
0.705000000 0.000000000 
0.710000000 0.000000000 
0.715000000 0.000000000 
0.720000000 0.000000000 
0.725000000 0.000000000 
0.730000000 0.000000000 
0.735000000 0.000000000 
0.740000000 0.000000000 
0.745000000 0.000000000 
0.750000000 0.000000000 
0.755000000 0.000000000 
0.760000000 0.000000000 
0.765000000 0.000000000 
0.770000000 0.000000000 
0.775000000 0.000000000 
0.780000000 0.000000000 
0.785000000 0.000000000 
0.790000000 0.000000000 
0.795000000 0.000000000 
0.800000000 0.000000000 
0.805000000 0.000000000 
0.810000000 0.000000000 
0.815000000 0.000000000 
0.820000000 0.000000000 
0.825000000 0.000000000 
0.830000000 0.000000000 
0.835000000 0.000000000 
0.840000000 0.000000000 
0.845000000 0.000000000 
0.850000000 0.000000000 
0.855000000 0.000000000 
0.860000000 0.000000000 
0.865000000 0.000000000 
0.870000000 0.000000000 
0.875000000 0.000000000 
0.880000000 0.000000000 
0.885000000 0.000000000 
0.890000000 0.000000000 
0.895000000 0.000000000 
0.900000000 0.000000000 
0.905000000 0.000000000 
0.910000000 0.000000000 
0.915000000 0.000000000 
0.920000000 0.000000000 
0.925000000 0.000000000 
0.930000000 0.000000000 
0.935000000 0.000000000 
0.940000000 0.000000000 
0.945000000 0.000000000 
0.950000000 0.000000000 
0.955000000 0.000000000 
0.960000000 0.000000000 
0.965000000 0.000000000 
0.970000000 0.000000000 
0.975000000 0.000000000 
0.980000000 0.000000000 
0.985000000 0.000000000 
0.990000000 0.000000000 
0.995000000 0.000000000 
1.000000000 0.000000000 

4 3
201
0.000000000 1.000000000 
0.005000000 0.932500000 
0.010000000 0.854500000 
0.015000000 0.781500000 
0.020000000 0.708500000 
0.025000000 0.679000000 
0.030000000 0.606000000 
0.035000000 0.566000000 
0.040000000 0.512500000 
0.045000000 0.483000000 
0.050000000 0.442000000 
0.055000000 0.418500000 
0.060000000 0.376000000 
0.065000000 0.350500000 
0.070000000 0.325500000 
0.075000000 0.291500000 
0.080000000 0.269500000 
0.085000000 0.240000000 
0.090000000 0.200500000 
0.095000000 0.210000000 
0.100000000 0.191500000 
0.105000000 0.169000000 
0.110000000 0.118000000 
0.115000000 0.143500000 
0.120000000 0.126500000 
0.125000000 0.104500000 
0.130000000 0.109500000 
0.135000000 0.104000000 
0.140000000 0.084500000 
0.145000000 0.091000000 
0.150000000 0.065000000 
0.155000000 0.073000000 
0.160000000 0.064000000 
0.165000000 0.054000000 
0.170000000 0.053500000 
0.175000000 0.041000000 
0.180000000 0.047500000 
0.185000000 0.046000000 
0.190000000 0.033000000 
0.195000000 0.029000000 
0.200000000 0.024000000 
0.205000000 0.030500000 
0.210000000 0.022500000 
0.215000000 0.019000000 
0.220000000 0.017500000 
0.225000000 0.015000000 
0.230000000 0.014500000 
0.235000000 0.014500000 
0.240000000 0.009000000 
0.245000000 0.013500000 
0.250000000 0.009500000 
0.255000000 0.010000000 
0.260000000 0.008000000 
0.265000000 0.006000000 
0.270000000 0.006500000 
0.275000000 0.006000000 
0.280000000 0.008000000 
0.285000000 0.002000000 
0.290000000 0.004500000 
0.295000000 0.006000000 
0.300000000 0.002000000 
0.305000000 0.002000000 
0.310000000 0.006000000 
0.315000000 0.001000000 
0.320000000 0.001000000 
0.325000000 0.003500000 
0.330000000 0.002500000 
0.335000000 0.001500000 
0.340000000 0.000000000 
0.345000000 0.000500000 
0.350000000 0.000500000 
0.355000000 0.000500000 
0.360000000 0.000000000 
0.365000000 0.000000000 
0.370000000 0.000500000 
0.375000000 0.001000000 
0.380000000 0.000000000 
0.385000000 0.000500000 
0.390000000 0.001000000 
0.395000000 0.000000000 
0.400000000 0.001000000 
0.405000000 0.000000000 
0.410000000 0.000000000 
0.415000000 0.000500000 
0.420000000 0.000000000 
0.425000000 0.000000000 
0.430000000 0.000500000 
0.435000000 0.000000000 
0.440000000 0.000000000 
0.445000000 0.000000000 
0.450000000 0.000000000 
0.455000000 0.000000000 
0.460000000 0.000000000 
0.465000000 0.000000000 
0.470000000 0.000000000 
0.475000000 0.000000000 
0.480000000 0.000000000 
0.485000000 0.000000000 
0.490000000 0.000000000 
0.495000000 0.000000000 
0.500000000 0.000000000 
0.505000000 0.000000000 
0.510000000 0.000000000 
0.515000000 0.000000000 
0.520000000 0.000000000 
0.525000000 0.000000000 
0.530000000 0.000000000 
0.535000000 0.000000000 
0.540000000 0.000000000 
0.545000000 0.000000000 
0.550000000 0.000000000 
0.555000000 0.000000000 
0.560000000 0.000000000 
0.565000000 0.000000000 
0.570000000 0.000000000 
0.575000000 0.000000000 
0.580000000 0.000000000 
0.585000000 0.000000000 
0.590000000 0.000000000 
0.595000000 0.000000000 
0.600000000 0.000000000 
0.605000000 0.000000000 
0.610000000 0.000000000 
0.615000000 0.000000000 
0.620000000 0.000000000 
0.625000000 0.000000000 
0.630000000 0.000000000 
0.635000000 0.000000000 
0.640000000 0.000000000 
0.645000000 0.000000000 
0.650000000 0.000000000 
0.655000000 0.000000000 
0.660000000 0.000000000 
0.665000000 0.000000000 
0.670000000 0.000000000 
0.675000000 0.000000000 
0.680000000 0.000000000 
0.685000000 0.000000000 
0.690000000 0.000000000 
0.695000000 0.000000000 
0.700000000 0.000000000 
0.705000000 0.000000000 
0.710000000 0.000000000 
0.715000000 0.000000000 
0.720000000 0.000000000 
0.725000000 0.000000000 
0.730000000 0.000000000 
0.735000000 0.000000000 
0.740000000 0.000000000 
0.745000000 0.000000000 
0.750000000 0.000000000 
0.755000000 0.000000000 
0.760000000 0.000000000 
0.765000000 0.000000000 
0.770000000 0.000000000 
0.775000000 0.000000000 
0.780000000 0.000000000 
0.785000000 0.000000000 
0.790000000 0.000000000 
0.795000000 0.000000000 
0.800000000 0.000000000 
0.805000000 0.000000000 
0.810000000 0.000000000 
0.815000000 0.000000000 
0.820000000 0.000000000 
0.825000000 0.000000000 
0.830000000 0.000000000 
0.835000000 0.000000000 
0.840000000 0.000000000 
0.845000000 0.000000000 
0.850000000 0.000000000 
0.855000000 0.000000000 
0.860000000 0.000000000 
0.865000000 0.000000000 
0.870000000 0.000000000 
0.875000000 0.000000000 
0.880000000 0.000000000 
0.885000000 0.000000000 
0.890000000 0.000000000 
0.895000000 0.000000000 
0.900000000 0.000000000 
0.905000000 0.000000000 
0.910000000 0.000000000 
0.915000000 0.000000000 
0.920000000 0.000000000 
0.925000000 0.000000000 
0.930000000 0.000000000 
0.935000000 0.000000000 
0.940000000 0.000000000 
0.945000000 0.000000000 
0.950000000 0.000000000 
0.955000000 0.000000000 
0.960000000 0.000000000 
0.965000000 0.000000000 
0.970000000 0.000000000 
0.975000000 0.000000000 
0.980000000 0.000000000 
0.985000000 0.000000000 
0.990000000 0.000000000 
0.995000000 0.000000000 
1.000000000 0.000000000 

4 4
201
0.000000000 1.000000000 
0.005000000 0.923000000 
0.010000000 0.861500000 
0.015000000 0.789500000 
0.020000000 0.717000000 
0.025000000 0.668500000 
0.030000000 0.603000000 
0.035000000 0.557000000 
0.040000000 0.517500000 
0.045000000 0.484500000 
0.050000000 0.426000000 
0.055000000 0.395500000 
0.060000000 0.383000000 
0.065000000 0.326000000 
0.070000000 0.328500000 
0.075000000 0.295500000 
0.080000000 0.280500000 
0.085000000 0.251500000 
0.090000000 0.204500000 
0.095000000 0.211500000 
0.100000000 0.183500000 
0.105000000 0.162500000 
0.110000000 0.158500000 
0.115000000 0.147500000 
0.120000000 0.115000000 
0.125000000 0.114500000 
0.130000000 0.108500000 
0.135000000 0.086500000 
0.140000000 0.099000000 
0.145000000 0.083000000 
0.150000000 0.085000000 
0.155000000 0.074500000 
0.160000000 0.057500000 
0.165000000 0.060500000 
0.170000000 0.051500000 
0.175000000 0.043500000 
0.180000000 0.040500000 
0.185000000 0.035500000 
0.190000000 0.036500000 
0.195000000 0.029000000 
0.200000000 0.024500000 
0.205000000 0.022500000 
0.210000000 0.024500000 
0.215000000 0.015000000 
0.220000000 0.019000000 
0.225000000 0.013500000 
0.230000000 0.013500000 
0.235000000 0.016000000 
0.240000000 0.009500000 
0.245000000 0.008000000 
0.250000000 0.007500000 
0.255000000 0.006500000 
0.260000000 0.007000000 
0.265000000 0.006000000 
0.270000000 0.007000000 
0.275000000 0.007000000 
0.280000000 0.005000000 
0.285000000 0.006500000 
0.290000000 0.002500000 
0.295000000 0.002000000 
0.300000000 0.004500000 
0.305000000 0.002500000 
0.310000000 0.001500000 
0.315000000 0.001000000 
0.320000000 0.002500000 
0.325000000 0.001500000 
0.330000000 0.001500000 
0.335000000 0.002000000 
0.340000000 0.001500000 
0.345000000 0.000500000 
0.350000000 0.002500000 
0.355000000 0.001500000 
0.360000000 0.000500000 
0.365000000 0.001000000 
0.370000000 0.000000000 
0.375000000 0.002000000 
0.380000000 0.000500000 
0.385000000 0.000000000 
0.390000000 0.001000000 
0.395000000 0.000000000 
0.400000000 0.000000000 
0.405000000 0.000500000 
0.410000000 0.000000000 
0.415000000 0.000000000 
0.420000000 0.000500000 
0.425000000 0.000000000 
0.430000000 0.000000000 
0.435000000 0.000000000 
0.440000000 0.000000000 
0.445000000 0.000000000 
0.450000000 0.000500000 
0.455000000 0.000000000 
0.460000000 0.000000000 
0.465000000 0.000000000 
0.470000000 0.000000000 
0.475000000 0.000000000 
0.480000000 0.000000000 
0.485000000 0.000000000 
0.490000000 0.000000000 
0.495000000 0.000000000 
0.500000000 0.000000000 
0.505000000 0.000000000 
0.510000000 0.000000000 
0.515000000 0.000000000 
0.520000000 0.000000000 
0.525000000 0.000000000 
0.530000000 0.000000000 
0.535000000 0.000000000 
0.540000000 0.000000000 
0.545000000 0.000000000 
0.550000000 0.000000000 
0.555000000 0.000000000 
0.560000000 0.000000000 
0.565000000 0.000000000 
0.570000000 0.000000000 
0.575000000 0.000000000 
0.580000000 0.000000000 
0.585000000 0.000000000 
0.590000000 0.000000000 
0.595000000 0.000000000 
0.600000000 0.000000000 
0.605000000 0.000000000 
0.610000000 0.000000000 
0.615000000 0.000000000 
0.620000000 0.000000000 
0.625000000 0.000000000 
0.630000000 0.000000000 
0.635000000 0.000000000 
0.640000000 0.000000000 
0.645000000 0.000000000 
0.650000000 0.000000000 
0.655000000 0.000000000 
0.660000000 0.000000000 
0.665000000 0.000000000 
0.670000000 0.000000000 
0.675000000 0.000000000 
0.680000000 0.000000000 
0.685000000 0.000000000 
0.690000000 0.000000000 
0.695000000 0.000000000 
0.700000000 0.000000000 
0.705000000 0.000000000 
0.710000000 0.000000000 
0.715000000 0.000000000 
0.720000000 0.000000000 
0.725000000 0.000000000 
0.730000000 0.000000000 
0.735000000 0.000000000 
0.740000000 0.000000000 
0.745000000 0.000000000 
0.750000000 0.000000000 
0.755000000 0.000000000 
0.760000000 0.000000000 
0.765000000 0.000000000 
0.770000000 0.000000000 
0.775000000 0.000000000 
0.780000000 0.000000000 
0.785000000 0.000000000 
0.790000000 0.000000000 
0.795000000 0.000000000 
0.800000000 0.000000000 
0.805000000 0.000000000 
0.810000000 0.000000000 
0.815000000 0.000000000 
0.820000000 0.000000000 
0.825000000 0.000000000 
0.830000000 0.000000000 
0.835000000 0.000000000 
0.840000000 0.000000000 
0.845000000 0.000000000 
0.850000000 0.000000000 
0.855000000 0.000000000 
0.860000000 0.000000000 
0.865000000 0.000000000 
0.870000000 0.000000000 
0.875000000 0.000000000 
0.880000000 0.000000000 
0.885000000 0.000000000 
0.890000000 0.000000000 
0.895000000 0.000000000 
0.900000000 0.000000000 
0.905000000 0.000000000 
0.910000000 0.000000000 
0.915000000 0.000000000 
0.920000000 0.000000000 
0.925000000 0.000000000 
0.930000000 0.000000000 
0.935000000 0.000000000 
0.940000000 0.000000000 
0.945000000 0.000000000 
0.950000000 0.000000000 
0.955000000 0.000000000 
0.960000000 0.000000000 
0.965000000 0.000000000 
0.970000000 0.000000000 
0.975000000 0.000000000 
0.980000000 0.000000000 
0.985000000 0.000000000 
0.990000000 0.000000000 
0.995000000 0.000000000 
1.000000000 0.000000000 

