6
6 0
201
0.000000000 1.000000000 1.000000000
0.005000000 1.000000000 1.000000000
0.010000000 1.000000000 1.000000000
0.015000000 1.000000000 1.000000000
0.020000000 1.000000000 1.000000000
0.025000000 1.000000000 1.000000000
0.030000000 1.000000000 1.000000000
0.035000000 1.000000000 1.000000000
0.040000000 1.000000000 1.000000000
0.045000000 1.000000000 1.000000000
0.050000000 1.000000000 1.000000000
0.055000000 1.000000000 1.000000000
0.060000000 1.000000000 1.000000000
0.065000000 1.000000000 1.000000000
0.070000000 1.000000000 1.000000000
0.075000000 1.000000000 1.000000000
0.080000000 1.000000000 1.000000000
0.085000000 1.000000000 1.000000000
0.090000000 1.000000000 1.000000000
0.095000000 1.000000000 1.000000000
0.100000000 1.000000000 1.000000000
0.105000000 1.000000000 1.000000000
0.110000000 1.000000000 1.000000000
0.115000000 1.000000000 1.000000000
0.120000000 1.000000000 1.000000000
0.125000000 1.000000000 1.000000000
0.130000000 1.000000000 1.000000000
0.135000000 1.000000000 1.000000000
0.140000000 1.000000000 1.000000000
0.145000000 1.000000000 1.000000000
0.150000000 1.000000000 1.000000000
0.155000000 1.000000000 1.000000000
0.160000000 1.000000000 1.000000000
0.165000000 1.000000000 1.000000000
0.170000000 1.000000000 1.000000000
0.175000000 1.000000000 0.999999999
0.180000000 1.000000000 0.999999999
0.185000000 1.000000000 0.999999997
0.190000000 1.000000000 0.999999995
0.195000000 1.000000000 0.999999990
0.200000000 1.000000000 0.999999981
0.205000000 1.000000000 0.999999963
0.210000000 1.000000000 0.999999933
0.215000000 1.000000000 0.999999879
0.220000000 1.000000000 0.999999786
0.225000000 1.000000000 0.999999628
0.230000000 1.000000000 0.999999365
0.235000000 1.000000000 0.999998935
0.240000000 1.000000000 0.999998240
0.245000000 1.000000000 0.999997138
0.250000000 1.000000000 0.999995414
0.255000000 1.000000000 0.999992756
0.260000000 1.000000000 0.999988715
0.265000000 0.999500000 0.999982653
0.270000000 1.000000000 0.999973678
0.275000000 1.000000000 0.999960554
0.280000000 0.999500000 0.999941599
0.285000000 0.999000000 0.999914542
0.290000000 0.999500000 0.999876364
0.295000000 0.997500000 0.999823094
0.300000000 0.999500000 0.999749568
0.305000000 1.000000000 0.999649155
0.310000000 0.997000000 0.999513431
0.315000000 0.998500000 0.999331815
0.320000000 0.997000000 0.999091164
0.325000000 0.996500000 0.998775333
0.330000000 0.996500000 0.998364700
0.335000000 0.994500000 0.997835677
0.340000000 0.992500000 0.997160216
0.345000000 0.993000000 0.996305321
0.350000000 0.992000000 0.995232595
0.355000000 0.985000000 0.993897844
0.360000000 0.988000000 0.992250757
0.365000000 0.981500000 0.990234705
0.370000000 0.976500000 0.987786670
0.375000000 0.969500000 0.984837346
0.380000000 0.963000000 0.981311436
0.385000000 0.964500000 0.977128168
0.390000000 0.947000000 0.972202045
0.395000000 0.938000000 0.966443855
0.400000000 0.924500000 0.959761929
0.405000000 0.923000000 0.952063657
0.410000000 0.901500000 0.943257235
0.415000000 0.888500000 0.933253630
0.420000000 0.880000000 0.921968712
0.425000000 0.876000000 0.909325517
0.430000000 0.843500000 0.895256579
0.435000000 0.823500000 0.879706255
0.440000000 0.793500000 0.862632987
0.445000000 0.780000000 0.844011409
0.450000000 0.755500000 0.823834230
0.455000000 0.710000000 0.802113806
0.460000000 0.704000000 0.778883343
0.465000000 0.668000000 0.754197653
0.470000000 0.636500000 0.728133433
0.475000000 0.609500000 0.700789006
0.480000000 0.580000000 0.672283522
0.485000000 0.548000000 0.642755618
0.490000000 0.532000000 0.612361545
0.495000000 0.486000000 0.581272808
0.500000000 0.450000000 0.549673377
0.505000000 0.428000000 0.517756528
0.510000000 0.390500000 0.485721423
0.515000000 0.369000000 0.453769506
0.520000000 0.329000000 0.422100830
0.525000000 0.299000000 0.390910421
0.530000000 0.277500000 0.360384789
0.535000000 0.234500000 0.330698678
0.540000000 0.219000000 0.302012151
0.545000000 0.200500000 0.274468099
0.550000000 0.176000000 0.248190212
0.555000000 0.154000000 0.223281486
0.560000000 0.143500000 0.199823264
0.565000000 0.138000000 0.177874845
0.570000000 0.109000000 0.157473614
0.575000000 0.084500000 0.138635700
0.580000000 0.075500000 0.121357078
0.585000000 0.063500000 0.105615088
0.590000000 0.067500000 0.091370269
0.595000000 0.041500000 0.078568463
0.600000000 0.038000000 0.067143080
0.605000000 0.036000000 0.057017466
0.610000000 0.031000000 0.048107283
0.615000000 0.022500000 0.040322838
0.620000000 0.017000000 0.033571292
0.625000000 0.022000000 0.027758708
0.630000000 0.015000000 0.022791880
0.635000000 0.008500000 0.018579929
0.640000000 0.010000000 0.015035636
0.645000000 0.008500000 0.012076519
0.650000000 0.005000000 0.009625636
0.655000000 0.003500000 0.007612152
0.660000000 0.003000000 0.005971660
0.665000000 0.002000000 0.004646312
0.670000000 0.001000000 0.003584755
0.675000000 0.002500000 0.002741933
0.680000000 0.000500000 0.002078760
0.685000000 0.000000000 0.001561716
0.690000000 0.001500000 0.001162369
0.695000000 0.000500000 0.000856881
0.700000000 0.000000000 0.000625483
0.705000000 0.000500000 0.000451968
0.710000000 0.000000000 0.000323197
0.715000000 0.000000000 0.000228645
0.720000000 0.000000000 0.000159973
0.725000000 0.000000000 0.000110655
0.730000000 0.000000000 0.000075645
0.735000000 0.000000000 0.000051086
0.740000000 0.000000000 0.000034069
0.745000000 0.000000000 0.000022427
0.750000000 0.000000000 0.000014566
0.755000000 0.000000000 0.000009329
0.760000000 0.000000000 0.000005889
0.765000000 0.000000000 0.000003662
0.770000000 0.000000000 0.000002242
0.775000000 0.000000000 0.000001350
0.780000000 0.000000000 0.000000800
0.785000000 0.000000000 0.000000465
0.790000000 0.000000000 0.000000266
0.795000000 0.000000000 0.000000149
0.800000000 0.000000000 0.000000082
0.805000000 0.000000000 0.000000044
0.810000000 0.000000000 0.000000023
0.815000000 0.000000000 0.000000012
0.820000000 0.000000000 0.000000006
0.825000000 0.000000000 0.000000003
0.830000000 0.000000000 0.000000001
0.835000000 0.000000000 0.000000001
0.840000000 0.000000000 0.000000000
0.845000000 0.000000000 0.000000000
0.850000000 0.000000000 0.000000000
0.855000000 0.000000000 0.000000000
0.860000000 0.000000000 0.000000000
0.865000000 0.000000000 0.000000000
0.870000000 0.000000000 0.000000000
0.875000000 0.000000000 0.000000000
0.880000000 0.000000000 0.000000000
0.885000000 0.000000000 0.000000000
0.890000000 0.000000000 0.000000000
0.895000000 0.000000000 0.000000000
0.900000000 0.000000000 0.000000000
0.905000000 0.000000000 0.000000000
0.910000000 0.000000000 0.000000000
0.915000000 0.000000000 0.000000000
0.920000000 0.000000000 0.000000000
0.925000000 0.000000000 0.000000000
0.930000000 0.000000000 0.000000000
0.935000000 0.000000000 0.000000000
0.940000000 0.000000000 0.000000000
0.945000000 0.000000000 0.000000000
0.950000000 0.000000000 0.000000000
0.955000000 0.000000000 0.000000000
0.960000000 0.000000000 0.000000000
0.965000000 0.000000000 0.000000000
0.970000000 0.000000000 0.000000000
0.975000000 0.000000000 0.000000000
0.980000000 0.000000000 0.000000000
0.985000000 0.000000000 0.000000000
0.990000000 0.000000000 0.000000000
0.995000000 0.000000000 0.000000000
1.000000000 0.000000000 0.000000000

6 1
201
0.000000000 1.000000000 1.000000000
0.005000000 1.000000000 1.000000000
0.010000000 1.000000000 1.000000000
0.015000000 1.000000000 1.000000000
0.020000000 1.000000000 1.000000000
0.025000000 1.000000000 1.000000000
0.030000000 1.000000000 1.000000000
0.035000000 1.000000000 1.000000000
0.040000000 1.000000000 1.000000000
0.045000000 1.000000000 0.999999998
0.050000000 1.000000000 0.999999989
0.055000000 1.000000000 0.999999956
0.060000000 1.000000000 0.999999848
0.065000000 1.000000000 0.999999529
0.070000000 1.000000000 0.999998687
0.075000000 1.000000000 0.999996646
0.080000000 1.000000000 0.999992065
0.085000000 1.000000000 0.999982450
0.090000000 1.000000000 0.999963441
0.095000000 1.000000000 0.999927804
0.100000000 1.000000000 0.999864115
0.105000000 0.999500000 0.999755112
0.110000000 0.999500000 0.999575745
0.115000000 0.999500000 0.999291004
0.120000000 0.999500000 0.998853634
0.125000000 0.999000000 0.998201911
0.130000000 0.999000000 0.997257672
0.135000000 0.996500000 0.995924822
0.140000000 0.992000000 0.994088542
0.145000000 0.994500000 0.991615401
0.150000000 0.994000000 0.988354539
0.155000000 0.991000000 0.984140017
0.160000000 0.985000000 0.978794361
0.165000000 0.978500000 0.972133259
0.170000000 0.970000000 0.963971242
0.175000000 0.962000000 0.954128146
0.180000000 0.966500000 0.942436051
0.185000000 0.949500000 0.928746375
0.190000000 0.936500000 0.912936730
0.195000000 0.937500000 0.894917210
0.200000000 0.920000000 0.874635732
0.205000000 0.906000000 0.852082171
0.210000000 0.896500000 0.827291030
0.215000000 0.861000000 0.800342515
0.220000000 0.841500000 0.771361945
0.225000000 0.828500000 0.740517515
0.230000000 0.788000000 0.708016540
0.235000000 0.767000000 0.674100344
0.240000000 0.760500000 0.639038043
0.245000000 0.732500000 0.603119520
0.250000000 0.690000000 0.566647889
0.255000000 0.658500000 0.529931778
0.260000000 0.635000000 0.493277732
0.265000000 0.631500000 0.456983033
0.270000000 0.568500000 0.421329161
0.275000000 0.549500000 0.386576121
0.280000000 0.530000000 0.352957757
0.285000000 0.519000000 0.320678158
0.290000000 0.447000000 0.289909198
0.295000000 0.433500000 0.260789175
0.300000000 0.406500000 0.233422518
0.305000000 0.373000000 0.207880456
0.310000000 0.352500000 0.184202523
0.315000000 0.326500000 0.162398770
0.320000000 0.313000000 0.142452527
0.325000000 0.285500000 0.124323562
0.330000000 0.242000000 0.107951485
0.335000000 0.244500000 0.093259266
0.340000000 0.201500000 0.080156735
0.345000000 0.187000000 0.068543958
0.350000000 0.160000000 0.058314409
0.355000000 0.177000000 0.049357863
0.360000000 0.163500000 0.041562969
0.365000000 0.129000000 0.034819470
0.370000000 0.127500000 0.029020063
0.375000000 0.103000000 0.024061899
0.380000000 0.094500000 0.019847738
0.385000000 0.086500000 0.016286785
0.390000000 0.075000000 0.013295232
0.395000000 0.074000000 0.010796551
0.400000000 0.062500000 0.008721564
0.405000000 0.052500000 0.007008333
0.410000000 0.042500000 0.005601910
0.415000000 0.048500000 0.004453977
0.420000000 0.034000000 0.003522398
0.425000000 0.028000000 0.002770737
0.430000000 0.029000000 0.002167728
0.435000000 0.029000000 0.001686758
0.440000000 0.022000000 0.001305341
0.445000000 0.019000000 0.001004620
0.450000000 0.017000000 0.000768898
0.455000000 0.014000000 0.000585204
0.460000000 0.019000000 0.000442890
0.465000000 0.012500000 0.000333285
0.470000000 0.011500000 0.000249370
0.475000000 0.013000000 0.000185507
0.480000000 0.009500000 0.000137194
0.485000000 0.008000000 0.000100866
0.490000000 0.008000000 0.000073717
0.495000000 0.006000000 0.000053551
0.500000000 0.004500000 0.000038665
0.505000000 0.004500000 0.000027746
0.510000000 0.003500000 0.000019786
0.515000000 0.004000000 0.000014021
0.520000000 0.003500000 0.000009872
0.525000000 0.004500000 0.000006906
0.530000000 0.002000000 0.000004799
0.535000000 0.003000000 0.000003313
0.540000000 0.003000000 0.000002272
0.545000000 0.003500000 0.000001547
0.550000000 0.002000000 0.000001046
0.555000000 0.001000000 0.000000702
0.560000000 0.000500000 0.000000468
0.565000000 0.000000000 0.000000310
0.570000000 0.001500000 0.000000204
0.575000000 0.000500000 0.000000133
0.580000000 0.000000000 0.000000086
0.585000000 0.000000000 0.000000055
0.590000000 0.002000000 0.000000035
0.595000000 0.001000000 0.000000022
0.600000000 0.000500000 0.000000014
0.605000000 0.000500000 0.000000009
0.610000000 0.000000000 0.000000005
0.615000000 0.000000000 0.000000003
0.620000000 0.000500000 0.000000002
0.625000000 0.000000000 0.000000001
0.630000000 0.000000000 0.000000001
0.635000000 0.000500000 0.000000000
0.640000000 0.000000000 0.000000000
0.645000000 0.000000000 0.000000000
0.650000000 0.000000000 0.000000000
0.655000000 0.000000000 0.000000000
0.660000000 0.000000000 0.000000000
0.665000000 0.000000000 0.000000000
0.670000000 0.000000000 0.000000000
0.675000000 0.000000000 0.000000000
0.680000000 0.000000000 0.000000000
0.685000000 0.000000000 0.000000000
0.690000000 0.000000000 0.000000000
0.695000000 0.000000000 0.000000000
0.700000000 0.000000000 0.000000000
0.705000000 0.000000000 0.000000000
0.710000000 0.000000000 0.000000000
0.715000000 0.000000000 0.000000000
0.720000000 0.000000000 0.000000000
0.725000000 0.000000000 0.000000000
0.730000000 0.000000000 0.000000000
0.735000000 0.000000000 0.000000000
0.740000000 0.000000000 0.000000000
0.745000000 0.000000000 0.000000000
0.750000000 0.000000000 0.000000000
0.755000000 0.000000000 0.000000000
0.760000000 0.000000000 0.000000000
0.765000000 0.000000000 0.000000000
0.770000000 0.000000000 0.000000000
0.775000000 0.000000000 0.000000000
0.780000000 0.000000000 0.000000000
0.785000000 0.000000000 0.000000000
0.790000000 0.000000000 0.000000000
0.795000000 0.000000000 0.000000000
0.800000000 0.000000000 0.000000000
0.805000000 0.000000000 0.000000000
0.810000000 0.000000000 0.000000000
0.815000000 0.000000000 0.000000000
0.820000000 0.000000000 0.000000000
0.825000000 0.000000000 0.000000000
0.830000000 0.000000000 0.000000000
0.835000000 0.000000000 0.000000000
0.840000000 0.000000000 0.000000000
0.845000000 0.000000000 0.000000000
0.850000000 0.000000000 0.000000000
0.855000000 0.000000000 0.000000000
0.860000000 0.000000000 0.000000000
0.865000000 0.000000000 0.000000000
0.870000000 0.000000000 0.000000000
0.875000000 0.000000000 0.000000000
0.880000000 0.000000000 0.000000000
0.885000000 0.000000000 0.000000000
0.890000000 0.000000000 0.000000000
0.895000000 0.000000000 0.000000000
0.900000000 0.000000000 0.000000000
0.905000000 0.000000000 0.000000000
0.910000000 0.000000000 0.000000000
0.915000000 0.000000000 0.000000000
0.920000000 0.000000000 0.000000000
0.925000000 0.000000000 0.000000000
0.930000000 0.000000000 0.000000000
0.935000000 0.000000000 0.000000000
0.940000000 0.000000000 0.000000000
0.945000000 0.000000000 0.000000000
0.950000000 0.000000000 0.000000000
0.955000000 0.000000000 0.000000000
0.960000000 0.000000000 0.000000000
0.965000000 0.000000000 0.000000000
0.970000000 0.000000000 0.000000000
0.975000000 0.000000000 0.000000000
0.980000000 0.000000000 0.000000000
0.985000000 0.000000000 0.000000000
0.990000000 0.000000000 0.000000000
0.995000000 0.000000000 0.000000000
1.000000000 0.000000000 0.000000000

6 2
201
0.000000000 1.000000000 1.000000000
0.005000000 1.000000000 1.000000000
0.010000000 1.000000000 0.999999983
0.015000000 1.000000000 0.999999497
0.020000000 0.999500000 0.999994780
0.025000000 1.000000000 0.999969694
0.030000000 1.000000000 0.999878193
0.035000000 0.997500000 0.999620176
0.040000000 0.997000000 0.999016458
0.045000000 0.994500000 0.997790150
0.050000000 0.987000000 0.995560696
0.055000000 0.979000000 0.991853962
0.060000000 0.975000000 0.986128290
0.065000000 0.961500000 0.977813279
0.070000000 0.936000000 0.966356008
0.075000000 0.929000000 0.951268561
0.080000000 0.890500000 0.932170997
0.085000000 0.874000000 0.908825129
0.090000000 0.833000000 0.881156052
0.095000000 0.811000000 0.849260194
0.100000000 0.760500000 0.813400249
0.105000000 0.720500000 0.773988684
0.110000000 0.669000000 0.731562353
0.115000000 0.623500000 0.686751205
0.120000000 0.581500000 0.640244146
0.125000000 0.544500000 0.592754826
0.130000000 0.481000000 0.544989707
0.135000000 0.444500000 0.497620161
0.140000000 0.420500000 0.451259757
0.145000000 0.379500000 0.406447323
0.150000000 0.334500000 0.363635833
0.155000000 0.285000000 0.323186816
0.160000000 0.261000000 0.285369637
0.165000000 0.244500000 0.250364874
0.170000000 0.210000000 0.218270856
0.175000000 0.185500000 0.189112495
0.180000000 0.157000000 0.162851534
0.185000000 0.139500000 0.139397471
0.190000000 0.124000000 0.118618514
0.195000000 0.105500000 0.100352082
0.200000000 0.084000000 0.084414458
0.205000000 0.076000000 0.070609376
0.210000000 0.057000000 0.058735379
0.215000000 0.056500000 0.048591910
0.220000000 0.055500000 0.039984168
0.225000000 0.037500000 0.032726777
0.230000000 0.028000000 0.026646419
0.235000000 0.026500000 0.021583526
0.240000000 0.020500000 0.017393201
0.245000000 0.012000000 0.013945502
0.250000000 0.013000000 0.011125214
0.255000000 0.012500000 0.008831259
0.260000000 0.010500000 0.006975826
0.265000000 0.006500000 0.005483333
0.270000000 0.006000000 0.004289286
0.275000000 0.006500000 0.003339111
0.280000000 0.003000000 0.002586989
0.285000000 0.004500000 0.001994745
0.290000000 0.003000000 0.001530801
0.295000000 0.001500000 0.001169223
0.300000000 0.002500000 0.000888852
0.305000000 0.001500000 0.000672545
0.310000000 0.000500000 0.000506497
0.315000000 0.001500000 0.000379664
0.320000000 0.000500000 0.000283263
0.325000000 0.001000000 0.000210354
0.330000000 0.000000000 0.000155482
0.335000000 0.000000000 0.000114387
0.340000000 0.000000000 0.000083760
0.345000000 0.000000000 0.000061046
0.350000000 0.000000000 0.000044283
0.355000000 0.000000000 0.000031972
0.360000000 0.000500000 0.000022974
0.365000000 0.000500000 0.000016430
0.370000000 0.000500000 0.000011694
0.375000000 0.000000000 0.000008283
0.380000000 0.000000000 0.000005839
0.385000000 0.000000000 0.000004096
0.390000000 0.000000000 0.000002860
0.395000000 0.000000000 0.000001986
0.400000000 0.000000000 0.000001373
0.405000000 0.000000000 0.000000944
0.410000000 0.000000000 0.000000646
0.415000000 0.000000000 0.000000440
0.420000000 0.000000000 0.000000298
0.425000000 0.000000000 0.000000201
0.430000000 0.000000000 0.000000135
0.435000000 0.000000000 0.000000090
0.440000000 0.000000000 0.000000060
0.445000000 0.000000000 0.000000039
0.450000000 0.000000000 0.000000026
0.455000000 0.000000000 0.000000017
0.460000000 0.000000000 0.000000011
0.465000000 0.000000000 0.000000007
0.470000000 0.000000000 0.000000005
0.475000000 0.000000000 0.000000003
0.480000000 0.000000000 0.000000002
0.485000000 0.000000000 0.000000001
0.490000000 0.000000000 0.000000001
0.495000000 0.000000000 0.000000000
0.500000000 0.000000000 0.000000000
0.505000000 0.000000000 0.000000000
0.510000000 0.000000000 0.000000000
0.515000000 0.000000000 0.000000000
0.520000000 0.000000000 0.000000000
0.525000000 0.000000000 0.000000000
0.530000000 0.000000000 0.000000000
0.535000000 0.000000000 0.000000000
0.540000000 0.000000000 0.000000000
0.545000000 0.000000000 0.000000000
0.550000000 0.000000000 0.000000000
0.555000000 0.000000000 0.000000000
0.560000000 0.000000000 0.000000000
0.565000000 0.000000000 0.000000000
0.570000000 0.000000000 0.000000000
0.575000000 0.000000000 0.000000000
0.580000000 0.000000000 0.000000000
0.585000000 0.000000000 0.000000000
0.590000000 0.000000000 0.000000000
0.595000000 0.000000000 0.000000000
0.600000000 0.000000000 0.000000000
0.605000000 0.000000000 0.000000000
0.610000000 0.000000000 0.000000000
0.615000000 0.000000000 0.000000000
0.620000000 0.000000000 0.000000000
0.625000000 0.000000000 0.000000000
0.630000000 0.000000000 0.000000000
0.635000000 0.000000000 0.000000000
0.640000000 0.000000000 0.000000000
0.645000000 0.000000000 0.000000000
0.650000000 0.000000000 0.000000000
0.655000000 0.000000000 0.000000000
0.660000000 0.000000000 0.000000000
0.665000000 0.000000000 0.000000000
0.670000000 0.000000000 0.000000000
0.675000000 0.000000000 0.000000000
0.680000000 0.000000000 0.000000000
0.685000000 0.000000000 0.000000000
0.690000000 0.000000000 0.000000000
0.695000000 0.000000000 0.000000000
0.700000000 0.000000000 0.000000000
0.705000000 0.000000000 0.000000000
0.710000000 0.000000000 0.000000000
0.715000000 0.000000000 0.000000000
0.720000000 0.000000000 0.000000000
0.725000000 0.000000000 0.000000000
0.730000000 0.000000000 0.000000000
0.735000000 0.000000000 0.000000000
0.740000000 0.000000000 0.000000000
0.745000000 0.000000000 0.000000000
0.750000000 0.000000000 0.000000000
0.755000000 0.000000000 0.000000000
0.760000000 0.000000000 0.000000000
0.765000000 0.000000000 0.000000000
0.770000000 0.000000000 0.000000000
0.775000000 0.000000000 0.000000000
0.780000000 0.000000000 0.000000000
0.785000000 0.000000000 0.000000000
0.790000000 0.000000000 0.000000000
0.795000000 0.000000000 0.000000000
0.800000000 0.000000000 0.000000000
0.805000000 0.000000000 0.000000000
0.810000000 0.000000000 0.000000000
0.815000000 0.000000000 0.000000000
0.820000000 0.000000000 0.000000000
0.825000000 0.000000000 0.000000000
0.830000000 0.000000000 0.000000000
0.835000000 0.000000000 0.000000000
0.840000000 0.000000000 0.000000000
0.845000000 0.000000000 0.000000000
0.850000000 0.000000000 0.000000000
0.855000000 0.000000000 0.000000000
0.860000000 0.000000000 0.000000000
0.865000000 0.000000000 0.000000000
0.870000000 0.000000000 0.000000000
0.875000000 0.000000000 0.000000000
0.880000000 0.000000000 0.000000000
0.885000000 0.000000000 0.000000000
0.890000000 0.000000000 0.000000000
0.895000000 0.000000000 0.000000000
0.900000000 0.000000000 0.000000000
0.905000000 0.000000000 0.000000000
0.910000000 0.000000000 0.000000000
0.915000000 0.000000000 0.000000000
0.920000000 0.000000000 0.000000000
0.925000000 0.000000000 0.000000000
0.930000000 0.000000000 0.000000000
0.935000000 0.000000000 0.000000000
0.940000000 0.000000000 0.000000000
0.945000000 0.000000000 0.000000000
0.950000000 0.000000000 0.000000000
0.955000000 0.000000000 0.000000000
0.960000000 0.000000000 0.000000000
0.965000000 0.000000000 0.000000000
0.970000000 0.000000000 0.000000000
0.975000000 0.000000000 0.000000000
0.980000000 0.000000000 0.000000000
0.985000000 0.000000000 0.000000000
0.990000000 0.000000000 0.000000000
0.995000000 0.000000000 0.000000000
1.000000000 0.000000000 0.000000000

6 3
201
0.000000000 1.000000000 1.000000000
0.005000000 0.999500000 0.999981360
0.010000000 0.995500000 0.999532978
0.015000000 0.985500000 0.997220755
0.020000000 0.966500000 0.990812212
0.025000000 0.936500000 0.977977317
0.030000000 0.876000000 0.956900772
0.035000000 0.822000000 0.926624911
0.040000000 0.766500000 0.887130348
0.045000000 0.695000000 0.839229450
0.050000000 0.607000000 0.784357044
0.055000000 0.545500000 0.724327520
0.060000000 0.463000000 0.661105504
0.065000000 0.389500000 0.596616695
0.070000000 0.347500000 0.532609601
0.075000000 0.311500000 0.470568132
0.080000000 0.244000000 0.411668698
0.085000000 0.191500000 0.356772582
0.090000000 0.174500000 0.306443673
0.095000000 0.140000000 0.260982498
0.100000000 0.117000000 0.220468904
0.105000000 0.096000000 0.184807561
0.110000000 0.070500000 0.153772075
0.115000000 0.059500000 0.127045032
0.120000000 0.042000000 0.104252474
0.125000000 0.034000000 0.084992209
0.130000000 0.027000000 0.068856013
0.135000000 0.021500000 0.055446182
0.140000000 0.019000000 0.044387148
0.145000000 0.017000000 0.035332953
0.150000000 0.009000000 0.027971390
0.155000000 0.006500000 0.022025591
0.160000000 0.006000000 0.017253717
0.165000000 0.004000000 0.013447332
0.170000000 0.005000000 0.010428931
0.175000000 0.005000000 0.008048985
0.180000000 0.000000000 0.006182772
0.185000000 0.002000000 0.004727216
0.190000000 0.001500000 0.003597855
0.195000000 0.000500000 0.002726028
0.200000000 0.001000000 0.002056339
0.205000000 0.001000000 0.001544414
0.210000000 0.001000000 0.001154946
0.215000000 0.000500000 0.000860021
0.220000000 0.000000000 0.000637715
0.225000000 0.000000000 0.000470901
0.230000000 0.000000000 0.000346286
0.235000000 0.000000000 0.000253603
0.240000000 0.000000000 0.000184970
0.245000000 0.000500000 0.000134364
0.250000000 0.000000000 0.000097210
0.255000000 0.000000000 0.000070046
0.260000000 0.000000000 0.000050271
0.265000000 0.000000000 0.000035934
0.270000000 0.000000000 0.000025584
0.275000000 0.000000000 0.000018142
0.280000000 0.000000000 0.000012813
0.285000000 0.000000000 0.000009014
0.290000000 0.000000000 0.000006316
0.295000000 0.000000000 0.000004407
0.300000000 0.000000000 0.000003063
0.305000000 0.000000000 0.000002120
0.310000000 0.000000000 0.000001462
0.315000000 0.000000000 0.000001004
0.320000000 0.000000000 0.000000686
0.325000000 0.000000000 0.000000468
0.330000000 0.000000000 0.000000317
0.335000000 0.000000000 0.000000214
0.340000000 0.000000000 0.000000144
0.345000000 0.000000000 0.000000096
0.350000000 0.000000000 0.000000064
0.355000000 0.000000000 0.000000043
0.360000000 0.000000000 0.000000028
0.365000000 0.000000000 0.000000019
0.370000000 0.000000000 0.000000012
0.375000000 0.000000000 0.000000008
0.380000000 0.000000000 0.000000005
0.385000000 0.000000000 0.000000003
0.390000000 0.000000000 0.000000002
0.395000000 0.000000000 0.000000001
0.400000000 0.000000000 0.000000001
0.405000000 0.000000000 0.000000001
0.410000000 0.000000000 0.000000000
0.415000000 0.000000000 0.000000000
0.420000000 0.000000000 0.000000000
0.425000000 0.000000000 0.000000000
0.430000000 0.000000000 0.000000000
0.435000000 0.000000000 0.000000000
0.440000000 0.000000000 0.000000000
0.445000000 0.000000000 0.000000000
0.450000000 0.000000000 0.000000000
0.455000000 0.000000000 0.000000000
0.460000000 0.000000000 0.000000000
0.465000000 0.000000000 0.000000000
0.470000000 0.000000000 0.000000000
0.475000000 0.000000000 0.000000000
0.480000000 0.000000000 0.000000000
0.485000000 0.000000000 0.000000000
0.490000000 0.000000000 0.000000000
0.495000000 0.000000000 0.000000000
0.500000000 0.000000000 0.000000000
0.505000000 0.000000000 0.000000000
0.510000000 0.000000000 0.000000000
0.515000000 0.000000000 0.000000000
0.520000000 0.000000000 0.000000000
0.525000000 0.000000000 0.000000000
0.530000000 0.000000000 0.000000000
0.535000000 0.000000000 0.000000000
0.540000000 0.000000000 0.000000000
0.545000000 0.000000000 0.000000000
0.550000000 0.000000000 0.000000000
0.555000000 0.000000000 0.000000000
0.560000000 0.000000000 0.000000000
0.565000000 0.000000000 0.000000000
0.570000000 0.000000000 0.000000000
0.575000000 0.000000000 0.000000000
0.580000000 0.000000000 0.000000000
0.585000000 0.000000000 0.000000000
0.590000000 0.000000000 0.000000000
0.595000000 0.000000000 0.000000000
0.600000000 0.000000000 0.000000000
0.605000000 0.000000000 0.000000000
0.610000000 0.000000000 0.000000000
0.615000000 0.000000000 0.000000000
0.620000000 0.000000000 0.000000000
0.625000000 0.000000000 0.000000000
0.630000000 0.000000000 0.000000000
0.635000000 0.000000000 0.000000000
0.640000000 0.000000000 0.000000000
0.645000000 0.000000000 0.000000000
0.650000000 0.000000000 0.000000000
0.655000000 0.000000000 0.000000000
0.660000000 0.000000000 0.000000000
0.665000000 0.000000000 0.000000000
0.670000000 0.000000000 0.000000000
0.675000000 0.000000000 0.000000000
0.680000000 0.000000000 0.000000000
0.685000000 0.000000000 0.000000000
0.690000000 0.000000000 0.000000000
0.695000000 0.000000000 0.000000000
0.700000000 0.000000000 0.000000000
0.705000000 0.000000000 0.000000000
0.710000000 0.000000000 0.000000000
0.715000000 0.000000000 0.000000000
0.720000000 0.000000000 0.000000000
0.725000000 0.000000000 0.000000000
0.730000000 0.000000000 0.000000000
0.735000000 0.000000000 0.000000000
0.740000000 0.000000000 0.000000000
0.745000000 0.000000000 0.000000000
0.750000000 0.000000000 0.000000000
0.755000000 0.000000000 0.000000000
0.760000000 0.000000000 0.000000000
0.765000000 0.000000000 0.000000000
0.770000000 0.000000000 0.000000000
0.775000000 0.000000000 0.000000000
0.780000000 0.000000000 0.000000000
0.785000000 0.000000000 0.000000000
0.790000000 0.000000000 0.000000000
0.795000000 0.000000000 0.000000000
0.800000000 0.000000000 0.000000000
0.805000000 0.000000000 0.000000000
0.810000000 0.000000000 0.000000000
0.815000000 0.000000000 0.000000000
0.820000000 0.000000000 0.000000000
0.825000000 0.000000000 0.000000000
0.830000000 0.000000000 0.000000000
0.835000000 0.000000000 0.000000000
0.840000000 0.000000000 0.000000000
0.845000000 0.000000000 0.000000000
0.850000000 0.000000000 0.000000000
0.855000000 0.000000000 0.000000000
0.860000000 0.000000000 0.000000000
0.865000000 0.000000000 0.000000000
0.870000000 0.000000000 0.000000000
0.875000000 0.000000000 0.000000000
0.880000000 0.000000000 0.000000000
0.885000000 0.000000000 0.000000000
0.890000000 0.000000000 0.000000000
0.895000000 0.000000000 0.000000000
0.900000000 0.000000000 0.000000000
0.905000000 0.000000000 0.000000000
0.910000000 0.000000000 0.000000000
0.915000000 0.000000000 0.000000000
0.920000000 0.000000000 0.000000000
0.925000000 0.000000000 0.000000000
0.930000000 0.000000000 0.000000000
0.935000000 0.000000000 0.000000000
0.940000000 0.000000000 0.000000000
0.945000000 0.000000000 0.000000000
0.950000000 0.000000000 0.000000000
0.955000000 0.000000000 0.000000000
0.960000000 0.000000000 0.000000000
0.965000000 0.000000000 0.000000000
0.970000000 0.000000000 0.000000000
0.975000000 0.000000000 0.000000000
0.980000000 0.000000000 0.000000000
0.985000000 0.000000000 0.000000000
0.990000000 0.000000000 0.000000000
0.995000000 0.000000000 0.000000000
1.000000000 0.000000000 0.000000000

6 4
201
0.000000000 1.000000000 1.000000000
0.005000000 0.955000000 0.995851392
0.010000000 0.861500000 0.973487709
0.015000000 0.753000000 0.928301938
0.020000000 0.633000000 0.863368440
0.025000000 0.528500000 0.784692526
0.030000000 0.420000000 0.698671839
0.035000000 0.325500000 0.610882376
0.040000000 0.272000000 0.525625129
0.045000000 0.189000000 0.445882726
0.050000000 0.148500000 0.373474327
0.055000000 0.125000000 0.309286017
0.060000000 0.087000000 0.253509570
0.065000000 0.074500000 0.205856483
0.070000000 0.060000000 0.165734039
0.075000000 0.044500000 0.132381273
0.080000000 0.033500000 0.104968302
0.085000000 0.026000000 0.082664885
0.090000000 0.012500000 0.064684581
0.095000000 0.012000000 0.050310476
0.100000000 0.010000000 0.038907609
0.105000000 0.007000000 0.029926236
0.110000000 0.006500000 0.022899132
0.115000000 0.002000000 0.017435336
0.120000000 0.002500000 0.013212040
0.125000000 0.002000000 0.009965792
0.130000000 0.001500000 0.007483793
0.135000000 0.001000000 0.005595747
0.140000000 0.000500000 0.004166509
0.145000000 0.000500000 0.003089658
0.150000000 0.000500000 0.002281987
0.155000000 0.000000000 0.001678868
0.160000000 0.000000000 0.001230418
0.165000000 0.000000000 0.000898360
0.170000000 0.000000000 0.000653482
0.175000000 0.000000000 0.000473615
0.180000000 0.000000000 0.000342014
0.185000000 0.000000000 0.000246098
0.190000000 0.000000000 0.000176453
0.195000000 0.000000000 0.000126073
0.200000000 0.000000000 0.000089763
0.205000000 0.000000000 0.000063688
0.210000000 0.000000000 0.000045032
0.215000000 0.000000000 0.000031731
0.220000000 0.000000000 0.000022282
0.225000000 0.000000000 0.000015593
0.230000000 0.000000000 0.000010875
0.235000000 0.000000000 0.000007558
0.240000000 0.000000000 0.000005235
0.245000000 0.000000000 0.000003614
0.250000000 0.000000000 0.000002486
0.255000000 0.000000000 0.000001704
0.260000000 0.000000000 0.000001164
0.265000000 0.000000000 0.000000792
0.270000000 0.000000000 0.000000538
0.275000000 0.000000000 0.000000363
0.280000000 0.000000000 0.000000245
0.285000000 0.000000000 0.000000164
0.290000000 0.000000000 0.000000110
0.295000000 0.000000000 0.000000073
0.300000000 0.000000000 0.000000049
0.305000000 0.000000000 0.000000032
0.310000000 0.000000000 0.000000021
0.315000000 0.000000000 0.000000014
0.320000000 0.000000000 0.000000009
0.325000000 0.000000000 0.000000006
0.330000000 0.000000000 0.000000004
0.335000000 0.000000000 0.000000002
0.340000000 0.000000000 0.000000002
0.345000000 0.000000000 0.000000001
0.350000000 0.000000000 0.000000001
0.355000000 0.000000000 0.000000000
0.360000000 0.000000000 0.000000000
0.365000000 0.000000000 0.000000000
0.370000000 0.000000000 0.000000000
0.375000000 0.000000000 0.000000000
0.380000000 0.000000000 0.000000000
0.385000000 0.000000000 0.000000000
0.390000000 0.000000000 0.000000000
0.395000000 0.000000000 0.000000000
0.400000000 0.000000000 0.000000000
0.405000000 0.000000000 0.000000000
0.410000000 0.000000000 0.000000000
0.415000000 0.000000000 0.000000000
0.420000000 0.000000000 0.000000000
0.425000000 0.000000000 0.000000000
0.430000000 0.000000000 0.000000000
0.435000000 0.000000000 0.000000000
0.440000000 0.000000000 0.000000000
0.445000000 0.000000000 0.000000000
0.450000000 0.000000000 0.000000000
0.455000000 0.000000000 0.000000000
0.460000000 0.000000000 0.000000000
0.465000000 0.000000000 0.000000000
0.470000000 0.000000000 0.000000000
0.475000000 0.000000000 0.000000000
0.480000000 0.000000000 0.000000000
0.485000000 0.000000000 0.000000000
0.490000000 0.000000000 0.000000000
0.495000000 0.000000000 0.000000000
0.500000000 0.000000000 0.000000000
0.505000000 0.000000000 0.000000000
0.510000000 0.000000000 0.000000000
0.515000000 0.000000000 0.000000000
0.520000000 0.000000000 0.000000000
0.525000000 0.000000000 0.000000000
0.530000000 0.000000000 0.000000000
0.535000000 0.000000000 0.000000000
0.540000000 0.000000000 0.000000000
0.545000000 0.000000000 0.000000000
0.550000000 0.000000000 0.000000000
0.555000000 0.000000000 0.000000000
0.560000000 0.000000000 0.000000000
0.565000000 0.000000000 0.000000000
0.570000000 0.000000000 0.000000000
0.575000000 0.000000000 0.000000000
0.580000000 0.000000000 0.000000000
0.585000000 0.000000000 0.000000000
0.590000000 0.000000000 0.000000000
0.595000000 0.000000000 0.000000000
0.600000000 0.000000000 0.000000000
0.605000000 0.000000000 0.000000000
0.610000000 0.000000000 0.000000000
0.615000000 0.000000000 0.000000000
0.620000000 0.000000000 0.000000000
0.625000000 0.000000000 0.000000000
0.630000000 0.000000000 0.000000000
0.635000000 0.000000000 0.000000000
0.640000000 0.000000000 0.000000000
0.645000000 0.000000000 0.000000000
0.650000000 0.000000000 0.000000000
0.655000000 0.000000000 0.000000000
0.660000000 0.000000000 0.000000000
0.665000000 0.000000000 0.000000000
0.670000000 0.000000000 0.000000000
0.675000000 0.000000000 0.000000000
0.680000000 0.000000000 0.000000000
0.685000000 0.000000000 0.000000000
0.690000000 0.000000000 0.000000000
0.695000000 0.000000000 0.000000000
0.700000000 0.000000000 0.000000000
0.705000000 0.000000000 0.000000000
0.710000000 0.000000000 0.000000000
0.715000000 0.000000000 0.000000000
0.720000000 0.000000000 0.000000000
0.725000000 0.000000000 0.000000000
0.730000000 0.000000000 0.000000000
0.735000000 0.000000000 0.000000000
0.740000000 0.000000000 0.000000000
0.745000000 0.000000000 0.000000000
0.750000000 0.000000000 0.000000000
0.755000000 0.000000000 0.000000000
0.760000000 0.000000000 0.000000000
0.765000000 0.000000000 0.000000000
0.770000000 0.000000000 0.000000000
0.775000000 0.000000000 0.000000000
0.780000000 0.000000000 0.000000000
0.785000000 0.000000000 0.000000000
0.790000000 0.000000000 0.000000000
0.795000000 0.000000000 0.000000000
0.800000000 0.000000000 0.000000000
0.805000000 0.000000000 0.000000000
0.810000000 0.000000000 0.000000000
0.815000000 0.000000000 0.000000000
0.820000000 0.000000000 0.000000000
0.825000000 0.000000000 0.000000000
0.830000000 0.000000000 0.000000000
0.835000000 0.000000000 0.000000000
0.840000000 0.000000000 0.000000000
0.845000000 0.000000000 0.000000000
0.850000000 0.000000000 0.000000000
0.855000000 0.000000000 0.000000000
0.860000000 0.000000000 0.000000000
0.865000000 0.000000000 0.000000000
0.870000000 0.000000000 0.000000000
0.875000000 0.000000000 0.000000000
0.880000000 0.000000000 0.000000000
0.885000000 0.000000000 0.000000000
0.890000000 0.000000000 0.000000000
0.895000000 0.000000000 0.000000000
0.900000000 0.000000000 0.000000000
0.905000000 0.000000000 0.000000000
0.910000000 0.000000000 0.000000000
0.915000000 0.000000000 0.000000000
0.920000000 0.000000000 0.000000000
0.925000000 0.000000000 0.000000000
0.930000000 0.000000000 0.000000000
0.935000000 0.000000000 0.000000000
0.940000000 0.000000000 0.000000000
0.945000000 0.000000000 0.000000000
0.950000000 0.000000000 0.000000000
0.955000000 0.000000000 0.000000000
0.960000000 0.000000000 0.000000000
0.965000000 0.000000000 0.000000000
0.970000000 0.000000000 0.000000000
0.975000000 0.000000000 0.000000000
0.980000000 0.000000000 0.000000000
0.985000000 0.000000000 0.000000000
0.990000000 0.000000000 0.000000000
0.995000000 0.000000000 0.000000000
1.000000000 0.000000000 0.000000000

6 5
201
0.000000000 1.000000000 1.000000000
0.005000000 0.728500000 0.958914399
0.010000000 0.515000000 0.865376035
0.015000000 0.377000000 0.750588882
0.020000000 0.272000000 0.632923481
0.025000000 0.176500000 0.522478017
0.030000000 0.149000000 0.424147686
0.035000000 0.097500000 0.339663417
0.040000000 0.068000000 0.268924485
0.045000000 0.051500000 0.210852026
0.050000000 0.042000000 0.163921240
0.055000000 0.023000000 0.126481032
0.060000000 0.019500000 0.096935460
0.065000000 0.010500000 0.073837277
0.070000000 0.011000000 0.055927193
0.075000000 0.009000000 0.042140982
0.080000000 0.003500000 0.031598762
0.085000000 0.004000000 0.023585467
0.090000000 0.001000000 0.017528048
0.095000000 0.001500000 0.012972596
0.100000000 0.001500000 0.009563150
0.105000000 0.001000000 0.007022975
0.110000000 0.001000000 0.005138586
0.115000000 0.000000000 0.003746422
0.120000000 0.000000000 0.002721962
0.125000000 0.000500000 0.001970950
0.130000000 0.000000000 0.001422422
0.135000000 0.000000000 0.001023215
0.140000000 0.000000000 0.000733692
0.145000000 0.000000000 0.000524432
0.150000000 0.000000000 0.000373688
0.155000000 0.000000000 0.000265452
0.160000000 0.000000000 0.000187990
0.165000000 0.000000000 0.000132728
0.170000000 0.000000000 0.000093428
0.175000000 0.000000000 0.000065567
0.180000000 0.000000000 0.000045876
0.185000000 0.000000000 0.000032003
0.190000000 0.000000000 0.000022259
0.195000000 0.000000000 0.000015435
0.200000000 0.000000000 0.000010671
0.205000000 0.000000000 0.000007356
0.210000000 0.000000000 0.000005055
0.215000000 0.000000000 0.000003463
0.220000000 0.000000000 0.000002366
0.225000000 0.000000000 0.000001611
0.230000000 0.000000000 0.000001094
0.235000000 0.000000000 0.000000740
0.240000000 0.000000000 0.000000500
0.245000000 0.000000000 0.000000336
0.250000000 0.000000000 0.000000225
0.255000000 0.000000000 0.000000151
0.260000000 0.000000000 0.000000100
0.265000000 0.000000000 0.000000067
0.270000000 0.000000000 0.000000044
0.275000000 0.000000000 0.000000029
0.280000000 0.000000000 0.000000019
0.285000000 0.000000000 0.000000013
0.290000000 0.000000000 0.000000008
0.295000000 0.000000000 0.000000005
0.300000000 0.000000000 0.000000003
0.305000000 0.000000000 0.000000002
0.310000000 0.000000000 0.000000001
0.315000000 0.000000000 0.000000001
0.320000000 0.000000000 0.000000001
0.325000000 0.000000000 0.000000000
0.330000000 0.000000000 0.000000000
0.335000000 0.000000000 0.000000000
0.340000000 0.000000000 0.000000000
0.345000000 0.000000000 0.000000000
0.350000000 0.000000000 0.000000000
0.355000000 0.000000000 0.000000000
0.360000000 0.000000000 0.000000000
0.365000000 0.000000000 0.000000000
0.370000000 0.000000000 0.000000000
0.375000000 0.000000000 0.000000000
0.380000000 0.000000000 0.000000000
0.385000000 0.000000000 0.000000000
0.390000000 0.000000000 0.000000000
0.395000000 0.000000000 0.000000000
0.400000000 0.000000000 0.000000000
0.405000000 0.000000000 0.000000000
0.410000000 0.000000000 0.000000000
0.415000000 0.000000000 0.000000000
0.420000000 0.000000000 0.000000000
0.425000000 0.000000000 0.000000000
0.430000000 0.000000000 0.000000000
0.435000000 0.000000000 0.000000000
0.440000000 0.000000000 0.000000000
0.445000000 0.000000000 0.000000000
0.450000000 0.000000000 0.000000000
0.455000000 0.000000000 0.000000000
0.460000000 0.000000000 0.000000000
0.465000000 0.000000000 0.000000000
0.470000000 0.000000000 0.000000000
0.475000000 0.000000000 0.000000000
0.480000000 0.000000000 0.000000000
0.485000000 0.000000000 0.000000000
0.490000000 0.000000000 0.000000000
0.495000000 0.000000000 0.000000000
0.500000000 0.000000000 0.000000000
0.505000000 0.000000000 0.000000000
0.510000000 0.000000000 0.000000000
0.515000000 0.000000000 0.000000000
0.520000000 0.000000000 0.000000000
0.525000000 0.000000000 0.000000000
0.530000000 0.000000000 0.000000000
0.535000000 0.000000000 0.000000000
0.540000000 0.000000000 0.000000000
0.545000000 0.000000000 0.000000000
0.550000000 0.000000000 0.000000000
0.555000000 0.000000000 0.000000000
0.560000000 0.000000000 0.000000000
0.565000000 0.000000000 0.000000000
0.570000000 0.000000000 0.000000000
0.575000000 0.000000000 0.000000000
0.580000000 0.000000000 0.000000000
0.585000000 0.000000000 0.000000000
0.590000000 0.000000000 0.000000000
0.595000000 0.000000000 0.000000000
0.600000000 0.000000000 0.000000000
0.605000000 0.000000000 0.000000000
0.610000000 0.000000000 0.000000000
0.615000000 0.000000000 0.000000000
0.620000000 0.000000000 0.000000000
0.625000000 0.000000000 0.000000000
0.630000000 0.000000000 0.000000000
0.635000000 0.000000000 0.000000000
0.640000000 0.000000000 0.000000000
0.645000000 0.000000000 0.000000000
0.650000000 0.000000000 0.000000000
0.655000000 0.000000000 0.000000000
0.660000000 0.000000000 0.000000000
0.665000000 0.000000000 0.000000000
0.670000000 0.000000000 0.000000000
0.675000000 0.000000000 0.000000000
0.680000000 0.000000000 0.000000000
0.685000000 0.000000000 0.000000000
0.690000000 0.000000000 0.000000000
0.695000000 0.000000000 0.000000000
0.700000000 0.000000000 0.000000000
0.705000000 0.000000000 0.000000000
0.710000000 0.000000000 0.000000000
0.715000000 0.000000000 0.000000000
0.720000000 0.000000000 0.000000000
0.725000000 0.000000000 0.000000000
0.730000000 0.000000000 0.000000000
0.735000000 0.000000000 0.000000000
0.740000000 0.000000000 0.000000000
0.745000000 0.000000000 0.000000000
0.750000000 0.000000000 0.000000000
0.755000000 0.000000000 0.000000000
0.760000000 0.000000000 0.000000000
0.765000000 0.000000000 0.000000000
0.770000000 0.000000000 0.000000000
0.775000000 0.000000000 0.000000000
0.780000000 0.000000000 0.000000000
0.785000000 0.000000000 0.000000000
0.790000000 0.000000000 0.000000000
0.795000000 0.000000000 0.000000000
0.800000000 0.000000000 0.000000000
0.805000000 0.000000000 0.000000000
0.810000000 0.000000000 0.000000000
0.815000000 0.000000000 0.000000000
0.820000000 0.000000000 0.000000000
0.825000000 0.000000000 0.000000000
0.830000000 0.000000000 0.000000000
0.835000000 0.000000000 0.000000000
0.840000000 0.000000000 0.000000000
0.845000000 0.000000000 0.000000000
0.850000000 0.000000000 0.000000000
0.855000000 0.000000000 0.000000000
0.860000000 0.000000000 0.000000000
0.865000000 0.000000000 0.000000000
0.870000000 0.000000000 0.000000000
0.875000000 0.000000000 0.000000000
0.880000000 0.000000000 0.000000000
0.885000000 0.000000000 0.000000000
0.890000000 0.000000000 0.000000000
0.895000000 0.000000000 0.000000000
0.900000000 0.000000000 0.000000000
0.905000000 0.000000000 0.000000000
0.910000000 0.000000000 0.000000000
0.915000000 0.000000000 0.000000000
0.920000000 0.000000000 0.000000000
0.925000000 0.000000000 0.000000000
0.930000000 0.000000000 0.000000000
0.935000000 0.000000000 0.000000000
0.940000000 0.000000000 0.000000000
0.945000000 0.000000000 0.000000000
0.950000000 0.000000000 0.000000000
0.955000000 0.000000000 0.000000000
0.960000000 0.000000000 0.000000000
0.965000000 0.000000000 0.000000000
0.970000000 0.000000000 0.000000000
0.975000000 0.000000000 0.000000000
0.980000000 0.000000000 0.000000000
0.985000000 0.000000000 0.000000000
0.990000000 0.000000000 0.000000000
0.995000000 0.000000000 0.000000000
1.000000000 0.000000000 0.000000000

6 6
201
0.000000000 1.000000000 1.000000000
0.005000000 0.717500000 0.725566408
0.010000000 0.521500000 0.525596488
0.015000000 0.369000000 0.380118277
0.020000000 0.275500000 0.274453545
0.025000000 0.190500000 0.197831482
0.030000000 0.129000000 0.142360988
0.035000000 0.108500000 0.102269952
0.040000000 0.068500000 0.073343041
0.045000000 0.048500000 0.052506828
0.050000000 0.035000000 0.037524139
0.055000000 0.019500000 0.026769222
0.060000000 0.013500000 0.019062622
0.065000000 0.007000000 0.013550119
0.070000000 0.009500000 0.009614102
0.075000000 0.005000000 0.006808805
0.080000000 0.002500000 0.004813056
0.085000000 0.001500000 0.003395862
0.090000000 0.004000000 0.002391383
0.095000000 0.003500000 0.001680773
0.100000000 0.001000000 0.001179018
0.105000000 0.000500000 0.000825419
0.110000000 0.000000000 0.000576714
0.115000000 0.000000000 0.000402133
0.120000000 0.000500000 0.000279828
0.125000000 0.000000000 0.000194319
0.130000000 0.000000000 0.000134658
0.135000000 0.000500000 0.000093117
0.140000000 0.000000000 0.000064254
0.145000000 0.000000000 0.000044242
0.150000000 0.000000000 0.000030396
0.155000000 0.000000000 0.000020837
0.160000000 0.000000000 0.000014252
0.165000000 0.000000000 0.000009726
0.170000000 0.000000000 0.000006622
0.175000000 0.000000000 0.000004498
0.180000000 0.000000000 0.000003049
0.185000000 0.000000000 0.000002061
0.190000000 0.000000000 0.000001390
0.195000000 0.000000000 0.000000935
0.200000000 0.000000000 0.000000628
0.205000000 0.000000000 0.000000420
0.210000000 0.000000000 0.000000281
0.215000000 0.000000000 0.000000187
0.220000000 0.000000000 0.000000124
0.225000000 0.000000000 0.000000082
0.230000000 0.000000000 0.000000054
0.235000000 0.000000000 0.000000036
0.240000000 0.000000000 0.000000024
0.245000000 0.000000000 0.000000015
0.250000000 0.000000000 0.000000010
0.255000000 0.000000000 0.000000007
0.260000000 0.000000000 0.000000004
0.265000000 0.000000000 0.000000003
0.270000000 0.000000000 0.000000002
0.275000000 0.000000000 0.000000001
0.280000000 0.000000000 0.000000001
0.285000000 0.000000000 0.000000000
0.290000000 0.000000000 0.000000000
0.295000000 0.000000000 0.000000000
0.300000000 0.000000000 0.000000000
0.305000000 0.000000000 0.000000000
0.310000000 0.000000000 0.000000000
0.315000000 0.000000000 0.000000000
0.320000000 0.000000000 0.000000000
0.325000000 0.000000000 0.000000000
0.330000000 0.000000000 0.000000000
0.335000000 0.000000000 0.000000000
0.340000000 0.000000000 0.000000000
0.345000000 0.000000000 0.000000000
0.350000000 0.000000000 0.000000000
0.355000000 0.000000000 0.000000000
0.360000000 0.000000000 0.000000000
0.365000000 0.000000000 0.000000000
0.370000000 0.000000000 0.000000000
0.375000000 0.000000000 0.000000000
0.380000000 0.000000000 0.000000000
0.385000000 0.000000000 0.000000000
0.390000000 0.000000000 0.000000000
0.395000000 0.000000000 0.000000000
0.400000000 0.000000000 0.000000000
0.405000000 0.000000000 0.000000000
0.410000000 0.000000000 0.000000000
0.415000000 0.000000000 0.000000000
0.420000000 0.000000000 0.000000000
0.425000000 0.000000000 0.000000000
0.430000000 0.000000000 0.000000000
0.435000000 0.000000000 0.000000000
0.440000000 0.000000000 0.000000000
0.445000000 0.000000000 0.000000000
0.450000000 0.000000000 0.000000000
0.455000000 0.000000000 0.000000000
0.460000000 0.000000000 0.000000000
0.465000000 0.000000000 0.000000000
0.470000000 0.000000000 0.000000000
0.475000000 0.000000000 0.000000000
0.480000000 0.000000000 0.000000000
0.485000000 0.000000000 0.000000000
0.490000000 0.000000000 0.000000000
0.495000000 0.000000000 0.000000000
0.500000000 0.000000000 0.000000000
0.505000000 0.000000000 0.000000000
0.510000000 0.000000000 0.000000000
0.515000000 0.000000000 0.000000000
0.520000000 0.000000000 0.000000000
0.525000000 0.000000000 0.000000000
0.530000000 0.000000000 0.000000000
0.535000000 0.000000000 0.000000000
0.540000000 0.000000000 0.000000000
0.545000000 0.000000000 0.000000000
0.550000000 0.000000000 0.000000000
0.555000000 0.000000000 0.000000000
0.560000000 0.000000000 0.000000000
0.565000000 0.000000000 0.000000000
0.570000000 0.000000000 0.000000000
0.575000000 0.000000000 0.000000000
0.580000000 0.000000000 0.000000000
0.585000000 0.000000000 0.000000000
0.590000000 0.000000000 0.000000000
0.595000000 0.000000000 0.000000000
0.600000000 0.000000000 0.000000000
0.605000000 0.000000000 0.000000000
0.610000000 0.000000000 0.000000000
0.615000000 0.000000000 0.000000000
0.620000000 0.000000000 0.000000000
0.625000000 0.000000000 0.000000000
0.630000000 0.000000000 0.000000000
0.635000000 0.000000000 0.000000000
0.640000000 0.000000000 0.000000000
0.645000000 0.000000000 0.000000000
0.650000000 0.000000000 0.000000000
0.655000000 0.000000000 0.000000000
0.660000000 0.000000000 0.000000000
0.665000000 0.000000000 0.000000000
0.670000000 0.000000000 0.000000000
0.675000000 0.000000000 0.000000000
0.680000000 0.000000000 0.000000000
0.685000000 0.000000000 0.000000000
0.690000000 0.000000000 0.000000000
0.695000000 0.000000000 0.000000000
0.700000000 0.000000000 0.000000000
0.705000000 0.000000000 0.000000000
0.710000000 0.000000000 0.000000000
0.715000000 0.000000000 0.000000000
0.720000000 0.000000000 0.000000000
0.725000000 0.000000000 0.000000000
0.730000000 0.000000000 0.000000000
0.735000000 0.000000000 0.000000000
0.740000000 0.000000000 0.000000000
0.745000000 0.000000000 0.000000000
0.750000000 0.000000000 0.000000000
0.755000000 0.000000000 0.000000000
0.760000000 0.000000000 0.000000000
0.765000000 0.000000000 0.000000000
0.770000000 0.000000000 0.000000000
0.775000000 0.000000000 0.000000000
0.780000000 0.000000000 0.000000000
0.785000000 0.000000000 0.000000000
0.790000000 0.000000000 0.000000000
0.795000000 0.000000000 0.000000000
0.800000000 0.000000000 0.000000000
0.805000000 0.000000000 0.000000000
0.810000000 0.000000000 0.000000000
0.815000000 0.000000000 0.000000000
0.820000000 0.000000000 0.000000000
0.825000000 0.000000000 0.000000000
0.830000000 0.000000000 0.000000000
0.835000000 0.000000000 0.000000000
0.840000000 0.000000000 0.000000000
0.845000000 0.000000000 0.000000000
0.850000000 0.000000000 0.000000000
0.855000000 0.000000000 0.000000000
0.860000000 0.000000000 0.000000000
0.865000000 0.000000000 0.000000000
0.870000000 0.000000000 0.000000000
0.875000000 0.000000000 0.000000000
0.880000000 0.000000000 0.000000000
0.885000000 0.000000000 0.000000000
0.890000000 0.000000000 0.000000000
0.895000000 0.000000000 0.000000000
0.900000000 0.000000000 0.000000000
0.905000000 0.000000000 0.000000000
0.910000000 0.000000000 0.000000000
0.915000000 0.000000000 0.000000000
0.920000000 0.000000000 0.000000000
0.925000000 0.000000000 0.000000000
0.930000000 0.000000000 0.000000000
0.935000000 0.000000000 0.000000000
0.940000000 0.000000000 0.000000000
0.945000000 0.000000000 0.000000000
0.950000000 0.000000000 0.000000000
0.955000000 0.000000000 0.000000000
0.960000000 0.000000000 0.000000000
0.965000000 0.000000000 0.000000000
0.970000000 0.000000000 0.000000000
0.975000000 0.000000000 0.000000000
0.980000000 0.000000000 0.000000000
0.985000000 0.000000000 0.000000000
0.990000000 0.000000000 0.000000000
0.995000000 0.000000000 0.000000000
1.000000000 0.000000000 0.000000000

