2
2 0
201
0.000000000 1.000000000 1.000000000
0.005000000 1.000000000 0.999999502
0.010000000 1.000000000 0.999996030
0.015000000 1.000000000 0.999986652
0.020000000 1.000000000 0.999968480
0.025000000 1.000000000 0.999938672
0.030000000 1.000000000 0.999894430
0.035000000 1.000000000 0.999833002
0.040000000 0.999500000 0.999751680
0.045000000 0.999500000 0.999647802
0.050000000 1.000000000 0.999518750
0.055000000 0.999000000 0.999361952
0.060000000 0.999000000 0.999174880
0.065000000 0.998500000 0.998955052
0.070000000 0.999000000 0.998700030
0.075000000 0.998000000 0.998407422
0.080000000 0.998000000 0.998074880
0.085000000 0.998500000 0.997700102
0.090000000 0.996500000 0.997280830
0.095000000 0.996000000 0.996814852
0.100000000 0.994500000 0.996300000
0.105000000 0.994000000 0.995734152
0.110000000 0.996500000 0.995115230
0.115000000 0.994500000 0.994441202
0.120000000 0.995500000 0.993710080
0.125000000 0.994500000 0.992919922
0.130000000 0.993000000 0.992068830
0.135000000 0.992500000 0.991154952
0.140000000 0.993000000 0.990176480
0.145000000 0.992000000 0.989131652
0.150000000 0.988500000 0.988018750
0.155000000 0.983500000 0.986836102
0.160000000 0.987500000 0.985582080
0.165000000 0.985000000 0.984255102
0.170000000 0.987500000 0.982853630
0.175000000 0.981500000 0.981376172
0.180000000 0.983000000 0.979821280
0.185000000 0.978000000 0.978187552
0.190000000 0.975000000 0.976473630
0.195000000 0.969000000 0.974678202
0.200000000 0.967500000 0.972800000
0.205000000 0.968000000 0.970837802
0.210000000 0.963000000 0.968790430
0.215000000 0.968500000 0.966656752
0.220000000 0.966000000 0.964435680
0.225000000 0.963500000 0.962126172
0.230000000 0.959500000 0.959727230
0.235000000 0.964500000 0.957237902
0.240000000 0.951500000 0.954657280
0.245000000 0.954000000 0.951984502
0.250000000 0.944000000 0.949218750
0.255000000 0.944000000 0.946359252
0.260000000 0.944500000 0.943405280
0.265000000 0.949000000 0.940356152
0.270000000 0.935500000 0.937211230
0.275000000 0.943000000 0.933969922
0.280000000 0.923000000 0.930631680
0.285000000 0.926000000 0.927196002
0.290000000 0.917000000 0.923662430
0.295000000 0.925500000 0.920030552
0.300000000 0.914500000 0.916300000
0.305000000 0.912500000 0.912470452
0.310000000 0.914000000 0.908541630
0.315000000 0.901500000 0.904513302
0.320000000 0.908500000 0.900385280
0.325000000 0.902000000 0.896157422
0.330000000 0.893500000 0.891829630
0.335000000 0.887000000 0.887401852
0.340000000 0.881000000 0.882874080
0.345000000 0.875500000 0.878246352
0.350000000 0.877000000 0.873518750
0.355000000 0.858500000 0.868691402
0.360000000 0.864500000 0.863764480
0.365000000 0.853000000 0.858738202
0.370000000 0.856500000 0.853612830
0.375000000 0.855500000 0.848388672
0.380000000 0.847500000 0.843066080
0.385000000 0.837500000 0.837645452
0.390000000 0.826500000 0.832127230
0.395000000 0.844000000 0.826511902
0.400000000 0.822000000 0.820800000
0.405000000 0.812000000 0.814992102
0.410000000 0.824000000 0.809088830
0.415000000 0.808000000 0.803090852
0.420000000 0.795000000 0.796998880
0.425000000 0.787500000 0.790813672
0.430000000 0.785500000 0.784536030
0.435000000 0.773500000 0.778166802
0.440000000 0.781500000 0.771706880
0.445000000 0.781500000 0.765157202
0.450000000 0.766000000 0.758518750
0.455000000 0.756500000 0.751792552
0.460000000 0.762000000 0.744979680
0.465000000 0.738000000 0.738081252
0.470000000 0.733000000 0.731098430
0.475000000 0.710500000 0.724032422
0.480000000 0.712500000 0.716884480
0.485000000 0.706000000 0.709655902
0.490000000 0.707500000 0.702348030
0.495000000 0.719500000 0.694962252
0.500000000 0.691500000 0.687500000
0.505000000 0.699500000 0.679962752
0.510000000 0.672000000 0.672352030
0.515000000 0.643500000 0.664669402
0.520000000 0.647500000 0.656916480
0.525000000 0.645500000 0.649094922
0.530000000 0.644000000 0.641206430
0.535000000 0.637000000 0.633252752
0.540000000 0.621000000 0.625235680
0.545000000 0.620000000 0.617157052
0.550000000 0.606000000 0.609018750
0.555000000 0.618000000 0.600822702
0.560000000 0.591000000 0.592570880
0.565000000 0.590000000 0.584265302
0.570000000 0.582000000 0.575908030
0.575000000 0.575500000 0.567501172
0.580000000 0.561500000 0.559046880
0.585000000 0.542500000 0.550547352
0.590000000 0.547000000 0.542004830
0.595000000 0.540000000 0.533421602
0.600000000 0.499500000 0.524800000
0.605000000 0.509500000 0.516142402
0.610000000 0.512000000 0.507451230
0.615000000 0.493500000 0.498728952
0.620000000 0.497500000 0.489978080
0.625000000 0.489000000 0.481201172
0.630000000 0.478500000 0.472400830
0.635000000 0.451000000 0.463579702
0.640000000 0.479000000 0.454740480
0.645000000 0.459000000 0.445885902
0.650000000 0.442000000 0.437018750
0.655000000 0.431500000 0.428141852
0.660000000 0.424500000 0.419258080
0.665000000 0.386000000 0.410370352
0.670000000 0.392000000 0.401481630
0.675000000 0.394500000 0.392594922
0.680000000 0.375000000 0.383713280
0.685000000 0.379000000 0.374839802
0.690000000 0.368000000 0.365977630
0.695000000 0.342500000 0.357129952
0.700000000 0.353000000 0.348300000
0.705000000 0.340000000 0.339491052
0.710000000 0.334500000 0.330706430
0.715000000 0.337500000 0.321949502
0.720000000 0.308500000 0.313223680
0.725000000 0.317000000 0.304532422
0.730000000 0.308000000 0.295879230
0.735000000 0.265500000 0.287267652
0.740000000 0.273500000 0.278701280
0.745000000 0.298000000 0.270183752
0.750000000 0.258500000 0.261718750
0.755000000 0.244000000 0.253310002
0.760000000 0.251000000 0.244961280
0.765000000 0.239500000 0.236676402
0.770000000 0.231000000 0.228459230
0.775000000 0.213000000 0.220313672
0.780000000 0.207000000 0.212243680
0.785000000 0.203500000 0.204253252
0.790000000 0.196000000 0.196346430
0.795000000 0.190000000 0.188527302
0.800000000 0.187000000 0.180800000
0.805000000 0.163500000 0.173168702
0.810000000 0.167500000 0.165637630
0.815000000 0.155000000 0.158211052
0.820000000 0.147500000 0.150893280
0.825000000 0.134000000 0.143688672
0.830000000 0.151000000 0.136601630
0.835000000 0.126000000 0.129636602
0.840000000 0.126500000 0.122798080
0.845000000 0.121500000 0.116090602
0.850000000 0.119500000 0.109518750
0.855000000 0.102500000 0.103087152
0.860000000 0.092500000 0.096800480
0.865000000 0.093500000 0.090663452
0.870000000 0.083000000 0.084680830
0.875000000 0.084000000 0.078857422
0.880000000 0.065500000 0.073198080
0.885000000 0.065000000 0.067707702
0.890000000 0.054500000 0.062391230
0.895000000 0.057000000 0.057253652
0.900000000 0.051000000 0.052300000
0.905000000 0.053500000 0.047535352
0.910000000 0.046500000 0.042964830
0.915000000 0.035000000 0.038593602
0.920000000 0.028000000 0.034426880
0.925000000 0.033000000 0.030469922
0.930000000 0.024000000 0.026728030
0.935000000 0.032500000 0.023206552
0.940000000 0.021500000 0.019910880
0.945000000 0.018500000 0.016846452
0.950000000 0.012000000 0.014018750
0.955000000 0.009500000 0.011433302
0.960000000 0.008000000 0.009095680
0.965000000 0.008500000 0.007011502
0.970000000 0.005500000 0.005186430
0.975000000 0.004500000 0.003626172
0.980000000 0.002500000 0.002336480
0.985000000 0.001500000 0.001323152
0.990000000 0.000500000 0.000592030
0.995000000 0.000500000 0.000149002
1.000000000 0.000000000 0.000000000

2 1
201
0.000000000 1.000000000 1.000000000
0.005000000 1.000000000 0.999850998
0.010000000 1.000000000 0.999407970
0.015000000 0.998000000 0.998676848
0.020000000 0.998500000 0.997663520
0.025000000 0.996500000 0.996373828
0.030000000 0.995500000 0.994813570
0.035000000 0.995000000 0.992988498
0.040000000 0.991500000 0.990904320
0.045000000 0.988500000 0.988566698
0.050000000 0.991000000 0.985981250
0.055000000 0.983500000 0.983153548
0.060000000 0.980500000 0.980089120
0.065000000 0.979000000 0.976793448
0.070000000 0.971500000 0.973271970
0.075000000 0.967000000 0.969530078
0.080000000 0.963000000 0.965573120
0.085000000 0.961500000 0.961406398
0.090000000 0.952000000 0.957035170
0.095000000 0.947500000 0.952464648
0.100000000 0.947000000 0.947700000
0.105000000 0.942000000 0.942746348
0.110000000 0.935500000 0.937608770
0.115000000 0.929500000 0.932292298
0.120000000 0.928500000 0.926801920
0.125000000 0.931000000 0.921142578
0.130000000 0.918500000 0.915319170
0.135000000 0.915500000 0.909336548
0.140000000 0.897500000 0.903199520
0.145000000 0.896500000 0.896912848
0.150000000 0.897000000 0.890481250
0.155000000 0.873000000 0.883909398
0.160000000 0.893000000 0.877201920
0.165000000 0.872000000 0.870363398
0.170000000 0.864500000 0.863398370
0.175000000 0.859000000 0.856311328
0.180000000 0.857500000 0.849106720
0.185000000 0.841500000 0.841788948
0.190000000 0.839000000 0.834362370
0.195000000 0.813500000 0.826831298
0.200000000 0.803000000 0.819200000
0.205000000 0.824500000 0.811472698
0.210000000 0.787000000 0.803653570
0.215000000 0.792500000 0.795746748
0.220000000 0.780500000 0.787756320
0.225000000 0.768500000 0.779686328
0.230000000 0.767500000 0.771540770
0.235000000 0.752500000 0.763323598
0.240000000 0.751000000 0.755038720
0.245000000 0.725500000 0.746689998
0.250000000 0.743500000 0.738281250
0.255000000 0.725500000 0.729816248
0.260000000 0.740000000 0.721298720
0.265000000 0.707000000 0.712732348
0.270000000 0.706500000 0.704120770
0.275000000 0.685500000 0.695467578
0.280000000 0.694000000 0.686776320
0.285000000 0.669500000 0.678050498
0.290000000 0.672500000 0.669293570
0.295000000 0.645500000 0.660508948
0.300000000 0.662000000 0.651700000
0.305000000 0.639000000 0.642870048
0.310000000 0.640000000 0.634022370
0.315000000 0.606500000 0.625160198
0.320000000 0.642500000 0.616286720
0.325000000 0.606500000 0.607405078
0.330000000 0.578500000 0.598518370
0.335000000 0.592000000 0.589629648
0.340000000 0.568500000 0.580741920
0.345000000 0.575500000 0.571858148
0.350000000 0.582000000 0.562981250
0.355000000 0.561500000 0.554114098
0.360000000 0.557500000 0.545259520
0.365000000 0.545000000 0.536420298
0.370000000 0.522000000 0.527599170
0.375000000 0.523500000 0.518798828
0.380000000 0.494000000 0.510021920
0.385000000 0.504000000 0.501271048
0.390000000 0.492000000 0.492548770
0.395000000 0.498500000 0.483857598
0.400000000 0.468500000 0.475200000
0.405000000 0.462500000 0.466578398
0.410000000 0.455000000 0.457995170
0.415000000 0.452500000 0.449452648
0.420000000 0.447500000 0.440953120
0.425000000 0.461000000 0.432498828
0.430000000 0.428500000 0.424091970
0.435000000 0.418000000 0.415734698
0.440000000 0.419500000 0.407429120
0.445000000 0.422000000 0.399177298
0.450000000 0.393500000 0.390981250
0.455000000 0.382000000 0.382842948
0.460000000 0.377500000 0.374764320
0.465000000 0.365000000 0.366747248
0.470000000 0.350000000 0.358793570
0.475000000 0.343500000 0.350905078
0.480000000 0.333500000 0.343083520
0.485000000 0.333000000 0.335330598
0.490000000 0.328500000 0.327647970
0.495000000 0.319500000 0.320037248
0.500000000 0.292500000 0.312500000
0.505000000 0.301000000 0.305037748
0.510000000 0.299500000 0.297651970
0.515000000 0.278500000 0.290344098
0.520000000 0.305500000 0.283115520
0.525000000 0.266000000 0.275967578
0.530000000 0.275500000 0.268901570
0.535000000 0.240000000 0.261918748
0.540000000 0.269000000 0.255020320
0.545000000 0.241500000 0.248207448
0.550000000 0.237500000 0.241481250
0.555000000 0.248000000 0.234842798
0.560000000 0.236000000 0.228293120
0.565000000 0.218000000 0.221833198
0.570000000 0.216500000 0.215463970
0.575000000 0.205500000 0.209186328
0.580000000 0.201000000 0.203001120
0.585000000 0.203000000 0.196909148
0.590000000 0.183500000 0.190911170
0.595000000 0.190000000 0.185007898
0.600000000 0.178000000 0.179200000
0.605000000 0.178500000 0.173488098
0.610000000 0.177000000 0.167872770
0.615000000 0.167000000 0.162354548
0.620000000 0.149000000 0.156933920
0.625000000 0.150000000 0.151611328
0.630000000 0.155500000 0.146387170
0.635000000 0.163500000 0.141261798
0.640000000 0.137500000 0.136235520
0.645000000 0.129500000 0.131308598
0.650000000 0.127500000 0.126481250
0.655000000 0.124500000 0.121753648
0.660000000 0.116500000 0.117125920
0.665000000 0.120000000 0.112598148
0.670000000 0.093500000 0.108170370
0.675000000 0.105500000 0.103842578
0.680000000 0.092500000 0.099614720
0.685000000 0.100500000 0.095486698
0.690000000 0.089500000 0.091458370
0.695000000 0.076000000 0.087529548
0.700000000 0.086000000 0.083700000
0.705000000 0.077500000 0.079969448
0.710000000 0.072000000 0.076337570
0.715000000 0.071500000 0.072803998
0.720000000 0.068000000 0.069368320
0.725000000 0.076000000 0.066030078
0.730000000 0.060500000 0.062788770
0.735000000 0.057500000 0.059643848
0.740000000 0.054000000 0.056594720
0.745000000 0.061500000 0.053640748
0.750000000 0.040000000 0.050781250
0.755000000 0.038500000 0.048015498
0.760000000 0.050500000 0.045342720
0.765000000 0.047500000 0.042762098
0.770000000 0.042500000 0.040272770
0.775000000 0.040000000 0.037873828
0.780000000 0.030000000 0.035564320
0.785000000 0.030000000 0.033343248
0.790000000 0.024000000 0.031209570
0.795000000 0.032000000 0.029162198
0.800000000 0.028000000 0.027200000
0.805000000 0.031000000 0.025321798
0.810000000 0.021000000 0.023526370
0.815000000 0.025000000 0.021812448
0.820000000 0.018000000 0.020178720
0.825000000 0.017000000 0.018623828
0.830000000 0.013500000 0.017146370
0.835000000 0.017000000 0.015744898
0.840000000 0.012500000 0.014417920
0.845000000 0.014000000 0.013163898
0.850000000 0.009500000 0.011981250
0.855000000 0.010000000 0.010868348
0.860000000 0.009500000 0.009823520
0.865000000 0.007500000 0.008845048
0.870000000 0.007000000 0.007931170
0.875000000 0.007500000 0.007080078
0.880000000 0.007000000 0.006289920
0.885000000 0.006500000 0.005558798
0.890000000 0.004500000 0.004884770
0.895000000 0.003000000 0.004265848
0.900000000 0.006500000 0.003700000
0.905000000 0.001000000 0.003185148
0.910000000 0.001500000 0.002719170
0.915000000 0.001000000 0.002299898
0.920000000 0.002500000 0.001925120
0.925000000 0.000500000 0.001592578
0.930000000 0.001500000 0.001299970
0.935000000 0.002000000 0.001044948
0.940000000 0.000000000 0.000825120
0.945000000 0.000000000 0.000638048
0.950000000 0.000000000 0.000481250
0.955000000 0.000500000 0.000352198
0.960000000 0.000000000 0.000248320
0.965000000 0.000000000 0.000166998
0.970000000 0.001000000 0.000105570
0.975000000 0.000000000 0.000061328
0.980000000 0.000000000 0.000031520
0.985000000 0.000000000 0.000013348
0.990000000 0.000000000 0.000003970
0.995000000 0.000000000 0.000000498
1.000000000 0.000000000 0.000000000

2 2
201
0.000000000 1.000000000 1.000000000
0.005000000 0.983000000 0.980149501
0.010000000 0.959500000 0.960596010
0.015000000 0.940000000 0.941336551
0.020000000 0.926000000 0.922368160
0.025000000 0.898500000 0.903687891
0.030000000 0.876000000 0.885292810
0.035000000 0.863500000 0.867180001
0.040000000 0.853500000 0.849346560
0.045000000 0.818500000 0.831789601
0.050000000 0.826500000 0.814506250
0.055000000 0.813500000 0.797493651
0.060000000 0.787000000 0.780748960
0.065000000 0.756500000 0.764269351
0.070000000 0.741500000 0.748052010
0.075000000 0.732000000 0.732094141
0.080000000 0.723500000 0.716392960
0.085000000 0.712000000 0.700945701
0.090000000 0.665500000 0.685749610
0.095000000 0.672500000 0.670801951
0.100000000 0.635500000 0.656100000
0.105000000 0.635500000 0.641641051
0.110000000 0.650000000 0.627422410
0.115000000 0.600500000 0.613441401
0.120000000 0.612500000 0.599695360
0.125000000 0.576500000 0.586181641
0.130000000 0.560500000 0.572897610
0.135000000 0.567500000 0.559840651
0.140000000 0.537000000 0.547008160
0.145000000 0.515000000 0.534397551
0.150000000 0.532500000 0.522006250
0.155000000 0.513500000 0.509831701
0.160000000 0.498000000 0.497871360
0.165000000 0.474000000 0.486122701
0.170000000 0.469000000 0.474583210
0.175000000 0.467500000 0.463250391
0.180000000 0.456500000 0.452121760
0.185000000 0.449500000 0.441194851
0.190000000 0.412000000 0.430467210
0.195000000 0.409500000 0.419936401
0.200000000 0.405000000 0.409600000
0.205000000 0.383000000 0.399455601
0.210000000 0.384500000 0.389500810
0.215000000 0.382500000 0.379733251
0.220000000 0.366000000 0.370150560
0.225000000 0.381000000 0.360750391
0.230000000 0.348000000 0.351530410
0.235000000 0.342500000 0.342488301
0.240000000 0.322000000 0.333621760
0.245000000 0.322000000 0.324928501
0.250000000 0.308500000 0.316406250
0.255000000 0.312500000 0.308052751
0.260000000 0.296500000 0.299865760
0.265000000 0.282500000 0.291843051
0.270000000 0.273500000 0.283982410
0.275000000 0.275000000 0.276281641
0.280000000 0.266500000 0.268738560
0.285000000 0.263500000 0.261351001
0.290000000 0.256500000 0.254116810
0.295000000 0.229500000 0.247033851
0.300000000 0.240000000 0.240100000
0.305000000 0.239500000 0.233313151
0.310000000 0.217000000 0.226671210
0.315000000 0.231000000 0.220172101
0.320000000 0.201500000 0.213813760
0.325000000 0.211500000 0.207594141
0.330000000 0.201500000 0.201511210
0.335000000 0.207500000 0.195562951
0.340000000 0.188500000 0.189747360
0.345000000 0.189500000 0.184062451
0.350000000 0.171000000 0.178506250
0.355000000 0.188500000 0.173076801
0.360000000 0.153500000 0.167772160
0.365000000 0.165000000 0.162590401
0.370000000 0.157000000 0.157529610
0.375000000 0.158000000 0.152587891
0.380000000 0.132000000 0.147763360
0.385000000 0.139000000 0.143054151
0.390000000 0.135000000 0.138458410
0.395000000 0.128000000 0.133974301
0.400000000 0.131500000 0.129600000
0.405000000 0.128000000 0.125333701
0.410000000 0.117500000 0.121173610
0.415000000 0.125000000 0.117117951
0.420000000 0.107500000 0.113164960
0.425000000 0.122500000 0.109312891
0.430000000 0.096500000 0.105560010
0.435000000 0.108000000 0.101904601
0.440000000 0.107500000 0.098344960
0.445000000 0.091500000 0.094879401
0.450000000 0.090500000 0.091506250
0.455000000 0.098500000 0.088223851
0.460000000 0.088500000 0.085030560
0.465000000 0.082500000 0.081924751
0.470000000 0.083000000 0.078904810
0.475000000 0.092000000 0.075969141
0.480000000 0.072000000 0.073116160
0.485000000 0.071500000 0.070344301
0.490000000 0.062500000 0.067652010
0.495000000 0.055500000 0.065037751
0.500000000 0.057000000 0.062500000
0.505000000 0.074000000 0.060037251
0.510000000 0.051500000 0.057648010
0.515000000 0.053000000 0.055330801
0.520000000 0.050000000 0.053084160
0.525000000 0.051500000 0.050906641
0.530000000 0.055500000 0.048796810
0.535000000 0.043000000 0.046753251
0.540000000 0.041500000 0.044774560
0.545000000 0.036000000 0.042859351
0.550000000 0.037500000 0.041006250
0.555000000 0.039500000 0.039213901
0.560000000 0.036000000 0.037480960
0.565000000 0.033000000 0.035806101
0.570000000 0.029000000 0.034188010
0.575000000 0.032000000 0.032625391
0.580000000 0.034500000 0.031116960
0.585000000 0.031500000 0.029661451
0.590000000 0.029000000 0.028257610
0.595000000 0.028000000 0.026904201
0.600000000 0.030000000 0.025600000
0.605000000 0.029000000 0.024343801
0.610000000 0.022000000 0.023134410
0.615000000 0.022000000 0.021970651
0.620000000 0.021000000 0.020851360
0.625000000 0.023000000 0.019775391
0.630000000 0.014500000 0.018741610
0.635000000 0.019000000 0.017748901
0.640000000 0.021500000 0.016796160
0.645000000 0.016000000 0.015882301
0.650000000 0.015000000 0.015006250
0.655000000 0.011500000 0.014166951
0.660000000 0.014500000 0.013363360
0.665000000 0.017000000 0.012594451
0.670000000 0.009500000 0.011859210
0.675000000 0.010500000 0.011156641
0.680000000 0.009500000 0.010485760
0.685000000 0.010500000 0.009845601
0.690000000 0.010500000 0.009235210
0.695000000 0.010500000 0.008653651
0.700000000 0.007500000 0.008100000
0.705000000 0.005000000 0.007573351
0.710000000 0.006000000 0.007072810
0.715000000 0.006000000 0.006597501
0.720000000 0.009000000 0.006146560
0.725000000 0.006500000 0.005719141
0.730000000 0.002500000 0.005314410
0.735000000 0.003500000 0.004931551
0.740000000 0.006000000 0.004569760
0.745000000 0.005500000 0.004228251
0.750000000 0.002500000 0.003906250
0.755000000 0.004000000 0.003603001
0.760000000 0.000500000 0.003317760
0.765000000 0.002000000 0.003049801
0.770000000 0.002000000 0.002798410
0.775000000 0.002000000 0.002562891
0.780000000 0.002500000 0.002342560
0.785000000 0.002500000 0.002136751
0.790000000 0.002000000 0.001944810
0.795000000 0.000500000 0.001766101
0.800000000 0.001500000 0.001600000
0.805000000 0.001500000 0.001445901
0.810000000 0.001000000 0.001303210
0.815000000 0.001000000 0.001171351
0.820000000 0.001000000 0.001049760
0.825000000 0.001500000 0.000937891
0.830000000 0.001000000 0.000835210
0.835000000 0.000000000 0.000741201
0.840000000 0.000500000 0.000655360
0.845000000 0.001000000 0.000577201
0.850000000 0.000000000 0.000506250
0.855000000 0.000000000 0.000442051
0.860000000 0.000000000 0.000384160
0.865000000 0.000000000 0.000332151
0.870000000 0.000500000 0.000285610
0.875000000 0.000500000 0.000244141
0.880000000 0.000500000 0.000207360
0.885000000 0.000000000 0.000174901
0.890000000 0.000000000 0.000146410
0.895000000 0.000000000 0.000121551
0.900000000 0.000500000 0.000100000
0.905000000 0.000000000 0.000081451
0.910000000 0.000000000 0.000065610
0.915000000 0.000000000 0.000052201
0.920000000 0.000000000 0.000040960
0.925000000 0.000000000 0.000031641
0.930000000 0.000000000 0.000024010
0.935000000 0.000000000 0.000017851
0.940000000 0.000000000 0.000012960
0.945000000 0.000000000 0.000009151
0.950000000 0.000000000 0.000006250
0.955000000 0.000000000 0.000004101
0.960000000 0.000000000 0.000002560
0.965000000 0.000000000 0.000001501
0.970000000 0.000000000 0.000000810
0.975000000 0.000000000 0.000000391
0.980000000 0.000000000 0.000000160
0.985000000 0.000000000 0.000000051
0.990000000 0.000000000 0.000000010
0.995000000 0.000000000 0.000000001
1.000000000 0.000000000 0.000000000

