10
10 0
67
0.000000000 1.000000000
0.010000000 1.000000000
0.020000000 1.000000000
0.030000000 1.000000000
0.040000000 1.000000000
0.050000000 1.000000000
0.060000000 1.000000000
0.070000000 1.000000000
0.080000000 1.000000000
0.090000000 1.000000000
0.100000000 1.000000000
0.110000000 1.000000000
0.120000000 1.000000000
0.130000000 1.000000000
0.140000000 1.000000000
0.150000000 1.000000000
0.160000000 1.000000000
0.170000000 1.000000000
0.180000000 1.000000000
0.190000000 1.000000000
0.200000000 1.000000000
0.210000000 1.000000000
0.220000000 1.000000000
0.230000000 1.000000000
0.240000000 1.000000000
0.250000000 1.000000000
0.260000000 1.000000000
0.270000000 1.000000000
0.280000000 1.000000000
0.290000000 1.000000000
0.300000000 1.000000000
0.310000000 1.000000000
0.320000000 1.000000000
0.330000000 1.000000000
0.340000000 1.000000000
0.350000000 1.000000000
0.360000000 1.000000000
0.370000000 1.000000000
0.380000000 1.000000000
0.390000000 1.000000000
0.400000000 1.000000000
0.410000000 1.000000000
0.420000000 1.000000000
0.430000000 1.000000000
0.440000000 1.000000000
0.450000000 1.000000000
0.460000000 0.996000000
0.470000000 0.976000000
0.480000000 0.903000000
0.490000000 0.746000000
0.500000000 0.521000000
0.510000000 0.252000000
0.520000000 0.114000000
0.530000000 0.028000000
0.540000000 0.006000000
0.550000000 0.001000000
0.560000000 0.000000000
0.570000000 0.000000000
0.580000000 0.000000000
0.590000000 0.000000000
0.600000000 0.000000000
0.610000000 0.000000000
0.620000000 0.000000000
0.630000000 0.000000000
0.640000000 0.000000000
0.650000000 0.000000000
0.660000000 0.000000000

10 1
67
0.000000000 1.000000000
0.010000000 1.000000000
0.020000000 1.000000000
0.030000000 1.000000000
0.040000000 1.000000000
0.050000000 1.000000000
0.060000000 1.000000000
0.070000000 1.000000000
0.080000000 1.000000000
0.090000000 1.000000000
0.100000000 1.000000000
0.110000000 1.000000000
0.120000000 1.000000000
0.130000000 1.000000000
0.140000000 1.000000000
0.150000000 1.000000000
0.160000000 1.000000000
0.170000000 1.000000000
0.180000000 1.000000000
0.190000000 1.000000000
0.200000000 1.000000000
0.210000000 1.000000000
0.220000000 1.000000000
0.230000000 1.000000000
0.240000000 1.000000000
0.250000000 1.000000000
0.260000000 1.000000000
0.270000000 1.000000000
0.280000000 1.000000000
0.290000000 1.000000000
0.300000000 0.996000000
0.310000000 0.992000000
0.320000000 0.980000000
0.330000000 0.966000000
0.340000000 0.924000000
0.350000000 0.832000000
0.360000000 0.712000000
0.370000000 0.546000000
0.380000000 0.427000000
0.390000000 0.276000000
0.400000000 0.189000000
0.410000000 0.109000000
0.420000000 0.068000000
0.430000000 0.037000000
0.440000000 0.023000000
0.450000000 0.004000000
0.460000000 0.003000000
0.470000000 0.002000000
0.480000000 0.002000000
0.490000000 0.001000000
0.500000000 0.002000000
0.510000000 0.000000000
0.520000000 0.000000000
0.530000000 0.000000000
0.540000000 0.000000000
0.550000000 0.000000000
0.560000000 0.000000000
0.570000000 0.000000000
0.580000000 0.000000000
0.590000000 0.000000000
0.600000000 0.000000000
0.610000000 0.000000000
0.620000000 0.000000000
0.630000000 0.000000000
0.640000000 0.000000000
0.650000000 0.000000000
0.660000000 0.000000000

10 2
67
0.000000000 1.000000000
0.010000000 1.000000000
0.020000000 1.000000000
0.030000000 1.000000000
0.040000000 1.000000000
0.050000000 1.000000000
0.060000000 1.000000000
0.070000000 1.000000000
0.080000000 1.000000000
0.090000000 1.000000000
0.100000000 1.000000000
0.110000000 1.000000000
0.120000000 1.000000000
0.130000000 1.000000000
0.140000000 1.000000000
0.150000000 0.995000000
0.160000000 0.984000000
0.170000000 0.956000000
0.180000000 0.876000000
0.190000000 0.751000000
0.200000000 0.582000000
0.210000000 0.344000000
0.220000000 0.221000000
0.230000000 0.091000000
0.240000000 0.040000000
0.250000000 0.008000000
0.260000000 0.004000000
0.270000000 0.001000000
0.280000000 0.000000000
0.290000000 0.000000000
0.300000000 0.000000000
0.310000000 0.000000000
0.320000000 0.000000000
0.330000000 0.000000000
0.340000000 0.000000000
0.350000000 0.000000000
0.360000000 0.000000000
0.370000000 0.000000000
0.380000000 0.000000000
0.390000000 0.000000000
0.400000000 0.000000000
0.410000000 0.000000000
0.420000000 0.000000000
0.430000000 0.000000000
0.440000000 0.000000000
0.450000000 0.000000000
0.460000000 0.000000000
0.470000000 0.000000000
0.480000000 0.000000000
0.490000000 0.000000000
0.500000000 0.000000000
0.510000000 0.000000000
0.520000000 0.000000000
0.530000000 0.000000000
0.540000000 0.000000000
0.550000000 0.000000000
0.560000000 0.000000000
0.570000000 0.000000000
0.580000000 0.000000000
0.590000000 0.000000000
0.600000000 0.000000000
0.610000000 0.000000000
0.620000000 0.000000000
0.630000000 0.000000000
0.640000000 0.000000000
0.650000000 0.000000000
0.660000000 0.000000000

10 3
67
0.000000000 1.000000000
0.010000000 1.000000000
0.020000000 1.000000000
0.030000000 1.000000000
0.040000000 1.000000000
0.050000000 1.000000000
0.060000000 0.999000000
0.070000000 0.982000000
0.080000000 0.862000000
0.090000000 0.592000000
0.100000000 0.253000000
0.110000000 0.069000000
0.120000000 0.013000000
0.130000000 0.005000000
0.140000000 0.000000000
0.150000000 0.000000000
0.160000000 0.000000000
0.170000000 0.000000000
0.180000000 0.000000000
0.190000000 0.000000000
0.200000000 0.000000000
0.210000000 0.000000000
0.220000000 0.000000000
0.230000000 0.000000000
0.240000000 0.000000000
0.250000000 0.000000000
0.260000000 0.000000000
0.270000000 0.000000000
0.280000000 0.000000000
0.290000000 0.000000000
0.300000000 0.000000000
0.310000000 0.000000000
0.320000000 0.000000000
0.330000000 0.000000000
0.340000000 0.000000000
0.350000000 0.000000000
0.360000000 0.000000000
0.370000000 0.000000000
0.380000000 0.000000000
0.390000000 0.000000000
0.400000000 0.000000000
0.410000000 0.000000000
0.420000000 0.000000000
0.430000000 0.000000000
0.440000000 0.000000000
0.450000000 0.000000000
0.460000000 0.000000000
0.470000000 0.000000000
0.480000000 0.000000000
0.490000000 0.000000000
0.500000000 0.000000000
0.510000000 0.000000000
0.520000000 0.000000000
0.530000000 0.000000000
0.540000000 0.000000000
0.550000000 0.000000000
0.560000000 0.000000000
0.570000000 0.000000000
0.580000000 0.000000000
0.590000000 0.000000000
0.600000000 0.000000000
0.610000000 0.000000000
0.620000000 0.000000000
0.630000000 0.000000000
0.640000000 0.000000000
0.650000000 0.000000000
0.660000000 0.000000000

10 4
67
0.000000000 1.000000000
0.010000000 1.000000000
0.020000000 0.999000000
0.030000000 0.908000000
0.040000000 0.397000000
0.050000000 0.061000000
0.060000000 0.006000000
0.070000000 0.000000000
0.080000000 0.000000000
0.090000000 0.000000000
0.100000000 0.000000000
0.110000000 0.000000000
0.120000000 0.000000000
0.130000000 0.000000000
0.140000000 0.000000000
0.150000000 0.000000000
0.160000000 0.000000000
0.170000000 0.000000000
0.180000000 0.000000000
0.190000000 0.000000000
0.200000000 0.000000000
0.210000000 0.000000000
0.220000000 0.000000000
0.230000000 0.000000000
0.240000000 0.000000000
0.250000000 0.000000000
0.260000000 0.000000000
0.270000000 0.000000000
0.280000000 0.000000000
0.290000000 0.000000000
0.300000000 0.000000000
0.310000000 0.000000000
0.320000000 0.000000000
0.330000000 0.000000000
0.340000000 0.000000000
0.350000000 0.000000000
0.360000000 0.000000000
0.370000000 0.000000000
0.380000000 0.000000000
0.390000000 0.000000000
0.400000000 0.000000000
0.410000000 0.000000000
0.420000000 0.000000000
0.430000000 0.000000000
0.440000000 0.000000000
0.450000000 0.000000000
0.460000000 0.000000000
0.470000000 0.000000000
0.480000000 0.000000000
0.490000000 0.000000000
0.500000000 0.000000000
0.510000000 0.000000000
0.520000000 0.000000000
0.530000000 0.000000000
0.540000000 0.000000000
0.550000000 0.000000000
0.560000000 0.000000000
0.570000000 0.000000000
0.580000000 0.000000000
0.590000000 0.000000000
0.600000000 0.000000000
0.610000000 0.000000000
0.620000000 0.000000000
0.630000000 0.000000000
0.640000000 0.000000000
0.650000000 0.000000000
0.660000000 0.000000000

10 5
67
0.000000000 1.000000000
0.010000000 0.967000000
0.020000000 0.214000000
0.030000000 0.004000000
0.040000000 0.000000000
0.050000000 0.000000000
0.060000000 0.000000000
0.070000000 0.000000000
0.080000000 0.000000000
0.090000000 0.000000000
0.100000000 0.000000000
0.110000000 0.000000000
0.120000000 0.000000000
0.130000000 0.000000000
0.140000000 0.000000000
0.150000000 0.000000000
0.160000000 0.000000000
0.170000000 0.000000000
0.180000000 0.000000000
0.190000000 0.000000000
0.200000000 0.000000000
0.210000000 0.000000000
0.220000000 0.000000000
0.230000000 0.000000000
0.240000000 0.000000000
0.250000000 0.000000000
0.260000000 0.000000000
0.270000000 0.000000000
0.280000000 0.000000000
0.290000000 0.000000000
0.300000000 0.000000000
0.310000000 0.000000000
0.320000000 0.000000000
0.330000000 0.000000000
0.340000000 0.000000000
0.350000000 0.000000000
0.360000000 0.000000000
0.370000000 0.000000000
0.380000000 0.000000000
0.390000000 0.000000000
0.400000000 0.000000000
0.410000000 0.000000000
0.420000000 0.000000000
0.430000000 0.000000000
0.440000000 0.000000000
0.450000000 0.000000000
0.460000000 0.000000000
0.470000000 0.000000000
0.480000000 0.000000000
0.490000000 0.000000000
0.500000000 0.000000000
0.510000000 0.000000000
0.520000000 0.000000000
0.530000000 0.000000000
0.540000000 0.000000000
0.550000000 0.000000000
0.560000000 0.000000000
0.570000000 0.000000000
0.580000000 0.000000000
0.590000000 0.000000000
0.600000000 0.000000000
0.610000000 0.000000000
0.620000000 0.000000000
0.630000000 0.000000000
0.640000000 0.000000000
0.650000000 0.000000000
0.660000000 0.000000000

10 6
67
0.000000000 1.000000000
0.010000000 0.218000000
0.020000000 0.000000000
0.030000000 0.000000000
0.040000000 0.000000000
0.050000000 0.000000000
0.060000000 0.000000000
0.070000000 0.000000000
0.080000000 0.000000000
0.090000000 0.000000000
0.100000000 0.000000000
0.110000000 0.000000000
0.120000000 0.000000000
0.130000000 0.000000000
0.140000000 0.000000000
0.150000000 0.000000000
0.160000000 0.000000000
0.170000000 0.000000000
0.180000000 0.000000000
0.190000000 0.000000000
0.200000000 0.000000000
0.210000000 0.000000000
0.220000000 0.000000000
0.230000000 0.000000000
0.240000000 0.000000000
0.250000000 0.000000000
0.260000000 0.000000000
0.270000000 0.000000000
0.280000000 0.000000000
0.290000000 0.000000000
0.300000000 0.000000000
0.310000000 0.000000000
0.320000000 0.000000000
0.330000000 0.000000000
0.340000000 0.000000000
0.350000000 0.000000000
0.360000000 0.000000000
0.370000000 0.000000000
0.380000000 0.000000000
0.390000000 0.000000000
0.400000000 0.000000000
0.410000000 0.000000000
0.420000000 0.000000000
0.430000000 0.000000000
0.440000000 0.000000000
0.450000000 0.000000000
0.460000000 0.000000000
0.470000000 0.000000000
0.480000000 0.000000000
0.490000000 0.000000000
0.500000000 0.000000000
0.510000000 0.000000000
0.520000000 0.000000000
0.530000000 0.000000000
0.540000000 0.000000000
0.550000000 0.000000000
0.560000000 0.000000000
0.570000000 0.000000000
0.580000000 0.000000000
0.590000000 0.000000000
0.600000000 0.000000000
0.610000000 0.000000000
0.620000000 0.000000000
0.630000000 0.000000000
0.640000000 0.000000000
0.650000000 0.000000000
0.660000000 0.000000000

10 7
67
0.000000000 1.000000000
0.010000000 0.010000000
0.020000000 0.000000000
0.030000000 0.000000000
0.040000000 0.000000000
0.050000000 0.000000000
0.060000000 0.000000000
0.070000000 0.000000000
0.080000000 0.000000000
0.090000000 0.000000000
0.100000000 0.000000000
0.110000000 0.000000000
0.120000000 0.000000000
0.130000000 0.000000000
0.140000000 0.000000000
0.150000000 0.000000000
0.160000000 0.000000000
0.170000000 0.000000000
0.180000000 0.000000000
0.190000000 0.000000000
0.200000000 0.000000000
0.210000000 0.000000000
0.220000000 0.000000000
0.230000000 0.000000000
0.240000000 0.000000000
0.250000000 0.000000000
0.260000000 0.000000000
0.270000000 0.000000000
0.280000000 0.000000000
0.290000000 0.000000000
0.300000000 0.000000000
0.310000000 0.000000000
0.320000000 0.000000000
0.330000000 0.000000000
0.340000000 0.000000000
0.350000000 0.000000000
0.360000000 0.000000000
0.370000000 0.000000000
0.380000000 0.000000000
0.390000000 0.000000000
0.400000000 0.000000000
0.410000000 0.000000000
0.420000000 0.000000000
0.430000000 0.000000000
0.440000000 0.000000000
0.450000000 0.000000000
0.460000000 0.000000000
0.470000000 0.000000000
0.480000000 0.000000000
0.490000000 0.000000000
0.500000000 0.000000000
0.510000000 0.000000000
0.520000000 0.000000000
0.530000000 0.000000000
0.540000000 0.000000000
0.550000000 0.000000000
0.560000000 0.000000000
0.570000000 0.000000000
0.580000000 0.000000000
0.590000000 0.000000000
0.600000000 0.000000000
0.610000000 0.000000000
0.620000000 0.000000000
0.630000000 0.000000000
0.640000000 0.000000000
0.650000000 0.000000000
0.660000000 0.000000000

10 8
67
0.000000000 1.000000000
0.010000000 0.000000000
0.020000000 0.000000000
0.030000000 0.000000000
0.040000000 0.000000000
0.050000000 0.000000000
0.060000000 0.000000000
0.070000000 0.000000000
0.080000000 0.000000000
0.090000000 0.000000000
0.100000000 0.000000000
0.110000000 0.000000000
0.120000000 0.000000000
0.130000000 0.000000000
0.140000000 0.000000000
0.150000000 0.000000000
0.160000000 0.000000000
0.170000000 0.000000000
0.180000000 0.000000000
0.190000000 0.000000000
0.200000000 0.000000000
0.210000000 0.000000000
0.220000000 0.000000000
0.230000000 0.000000000
0.240000000 0.000000000
0.250000000 0.000000000
0.260000000 0.000000000
0.270000000 0.000000000
0.280000000 0.000000000
0.290000000 0.000000000
0.300000000 0.000000000
0.310000000 0.000000000
0.320000000 0.000000000
0.330000000 0.000000000
0.340000000 0.000000000
0.350000000 0.000000000
0.360000000 0.000000000
0.370000000 0.000000000
0.380000000 0.000000000
0.390000000 0.000000000
0.400000000 0.000000000
0.410000000 0.000000000
0.420000000 0.000000000
0.430000000 0.000000000
0.440000000 0.000000000
0.450000000 0.000000000
0.460000000 0.000000000
0.470000000 0.000000000
0.480000000 0.000000000
0.490000000 0.000000000
0.500000000 0.000000000
0.510000000 0.000000000
0.520000000 0.000000000
0.530000000 0.000000000
0.540000000 0.000000000
0.550000000 0.000000000
0.560000000 0.000000000
0.570000000 0.000000000
0.580000000 0.000000000
0.590000000 0.000000000
0.600000000 0.000000000
0.610000000 0.000000000
0.620000000 0.000000000
0.630000000 0.000000000
0.640000000 0.000000000
0.650000000 0.000000000
0.660000000 0.000000000

10 9
67
0.000000000 1.000000000
0.010000000 0.000000000
0.020000000 0.000000000
0.030000000 0.000000000
0.040000000 0.000000000
0.050000000 0.000000000
0.060000000 0.000000000
0.070000000 0.000000000
0.080000000 0.000000000
0.090000000 0.000000000
0.100000000 0.000000000
0.110000000 0.000000000
0.120000000 0.000000000
0.130000000 0.000000000
0.140000000 0.000000000
0.150000000 0.000000000
0.160000000 0.000000000
0.170000000 0.000000000
0.180000000 0.000000000
0.190000000 0.000000000
0.200000000 0.000000000
0.210000000 0.000000000
0.220000000 0.000000000
0.230000000 0.000000000
0.240000000 0.000000000
0.250000000 0.000000000
0.260000000 0.000000000
0.270000000 0.000000000
0.280000000 0.000000000
0.290000000 0.000000000
0.300000000 0.000000000
0.310000000 0.000000000
0.320000000 0.000000000
0.330000000 0.000000000
0.340000000 0.000000000
0.350000000 0.000000000
0.360000000 0.000000000
0.370000000 0.000000000
0.380000000 0.000000000
0.390000000 0.000000000
0.400000000 0.000000000
0.410000000 0.000000000
0.420000000 0.000000000
0.430000000 0.000000000
0.440000000 0.000000000
0.450000000 0.000000000
0.460000000 0.000000000
0.470000000 0.000000000
0.480000000 0.000000000
0.490000000 0.000000000
0.500000000 0.000000000
0.510000000 0.000000000
0.520000000 0.000000000
0.530000000 0.000000000
0.540000000 0.000000000
0.550000000 0.000000000
0.560000000 0.000000000
0.570000000 0.000000000
0.580000000 0.000000000
0.590000000 0.000000000
0.600000000 0.000000000
0.610000000 0.000000000
0.620000000 0.000000000
0.630000000 0.000000000
0.640000000 0.000000000
0.650000000 0.000000000
0.660000000 0.000000000

10 10
67
0.000000000 1.000000000
0.010000000 0.000000000
0.020000000 0.000000000
0.030000000 0.000000000
0.040000000 0.000000000
0.050000000 0.000000000
0.060000000 0.000000000
0.070000000 0.000000000
0.080000000 0.000000000
0.090000000 0.000000000
0.100000000 0.000000000
0.110000000 0.000000000
0.120000000 0.000000000
0.130000000 0.000000000
0.140000000 0.000000000
0.150000000 0.000000000
0.160000000 0.000000000
0.170000000 0.000000000
0.180000000 0.000000000
0.190000000 0.000000000
0.200000000 0.000000000
0.210000000 0.000000000
0.220000000 0.000000000
0.230000000 0.000000000
0.240000000 0.000000000
0.250000000 0.000000000
0.260000000 0.000000000
0.270000000 0.000000000
0.280000000 0.000000000
0.290000000 0.000000000
0.300000000 0.000000000
0.310000000 0.000000000
0.320000000 0.000000000
0.330000000 0.000000000
0.340000000 0.000000000
0.350000000 0.000000000
0.360000000 0.000000000
0.370000000 0.000000000
0.380000000 0.000000000
0.390000000 0.000000000
0.400000000 0.000000000
0.410000000 0.000000000
0.420000000 0.000000000
0.430000000 0.000000000
0.440000000 0.000000000
0.450000000 0.000000000
0.460000000 0.000000000
0.470000000 0.000000000
0.480000000 0.000000000
0.490000000 0.000000000
0.500000000 0.000000000
0.510000000 0.000000000
0.520000000 0.000000000
0.530000000 0.000000000
0.540000000 0.000000000
0.550000000 0.000000000
0.560000000 0.000000000
0.570000000 0.000000000
0.580000000 0.000000000
0.590000000 0.000000000
0.600000000 0.000000000
0.610000000 0.000000000
0.620000000 0.000000000
0.630000000 0.000000000
0.640000000 0.000000000
0.650000000 0.000000000
0.660000000 0.000000000

