10
10 0
67
0.000000000 1.000000000 1.000000000
0.010000000 1.000000000 1.000000000
0.020000000 1.000000000 1.000000000
0.030000000 1.000000000 1.000000000
0.040000000 1.000000000 1.000000000
0.050000000 1.000000000 1.000000000
0.060000000 1.000000000 1.000000000
0.070000000 1.000000000 1.000000000
0.080000000 1.000000000 1.000000000
0.090000000 1.000000000 1.000000000
0.100000000 1.000000000 1.000000000
0.110000000 1.000000000 1.000000000
0.120000000 1.000000000 1.000000000
0.130000000 1.000000000 1.000000000
0.140000000 1.000000000 1.000000000
0.150000000 1.000000000 1.000000000
0.160000000 1.000000000 1.000000000
0.170000000 1.000000000 1.000000000
0.180000000 1.000000000 1.000000000
0.190000000 1.000000000 1.000000000
0.200000000 1.000000000 1.000000000
0.210000000 1.000000000 1.000000000
0.220000000 1.000000000 1.000000000
0.230000000 1.000000000 1.000000000
0.240000000 1.000000000 1.000000000
0.250000000 1.000000000 1.000000000
0.260000000 1.000000000 1.000000000
0.270000000 1.000000000 1.000000000
0.280000000 1.000000000 1.000000000
0.290000000 1.000000000 1.000000000
0.300000000 1.000000000 1.000000000
0.310000000 1.000000000 1.000000000
0.320000000 1.000000000 1.000000000
0.330000000 1.000000000 1.000000000
0.340000000 1.000000000 1.000000000
0.350000000 1.000000000 1.000000000
0.360000000 1.000000000 1.000000000
0.370000000 1.000000000 1.000000000
0.380000000 1.000000000 1.000000000
0.390000000 1.000000000 1.000000000
0.400000000 1.000000000 1.000000000
0.410000000 1.000000000 0.999999997
0.420000000 1.000000000 0.999999892
0.430000000 1.000000000 0.999997114
0.440000000 1.000000000 0.999949079
0.450000000 1.000000000 0.999402563
0.460000000 0.996000000 0.995284206
0.470000000 0.976000000 0.974617292
0.480000000 0.903000000 0.905252867
0.490000000 0.746000000 0.749039020
0.500000000 0.521000000 0.512463903
0.510000000 0.252000000 0.271271580
0.520000000 0.114000000 0.105727708
0.530000000 0.028000000 0.029315927
0.540000000 0.006000000 0.005646933
0.550000000 0.001000000 0.000742616
0.560000000 0.000000000 0.000065761
0.570000000 0.000000000 0.000003875
0.580000000 0.000000000 0.000000150
0.590000000 0.000000000 0.000000004
0.600000000 0.000000000 0.000000000
0.610000000 0.000000000 0.000000000
0.620000000 0.000000000 0.000000000
0.630000000 0.000000000 0.000000000
0.640000000 0.000000000 0.000000000
0.650000000 0.000000000 0.000000000
0.660000000 0.000000000 0.000000000

10 1
67
0.000000000 1.000000000 1.000000000
0.010000000 1.000000000 1.000000000
0.020000000 1.000000000 1.000000000
0.030000000 1.000000000 1.000000000
0.040000000 1.000000000 1.000000000
0.050000000 1.000000000 1.000000000
0.060000000 1.000000000 1.000000000
0.070000000 1.000000000 1.000000000
0.080000000 1.000000000 1.000000000
0.090000000 1.000000000 1.000000000
0.100000000 1.000000000 1.000000000
0.110000000 1.000000000 1.000000000
0.120000000 1.000000000 1.000000000
0.130000000 1.000000000 1.000000000
0.140000000 1.000000000 1.000000000
0.150000000 1.000000000 1.000000000
0.160000000 1.000000000 1.000000000
0.170000000 1.000000000 1.000000000
0.180000000 1.000000000 0.999999991
0.190000000 1.000000000 0.999999065
0.200000000 1.000000000 0.999957967
0.210000000 1.000000000 0.999093626
0.220000000 1.000000000 0.989974076
0.230000000 1.000000000 0.939296708
0.240000000 1.000000000 0.784732063
0.250000000 1.000000000 0.516786505
0.260000000 1.000000000 0.244804117
0.270000000 1.000000000 0.078984038
0.280000000 1.000000000 0.016920185
0.290000000 1.000000000 0.002386490
0.300000000 0.996000000 0.000221701
0.310000000 0.992000000 0.000013627
0.320000000 0.980000000 0.000000558
0.330000000 0.966000000 0.000000015
0.340000000 0.924000000 0.000000000
0.350000000 0.832000000 0.000000000
0.360000000 0.712000000 0.000000000
0.370000000 0.546000000 0.000000000
0.380000000 0.427000000 0.000000000
0.390000000 0.276000000 0.000000000
0.400000000 0.189000000 0.000000000
0.410000000 0.109000000 0.000000000
0.420000000 0.068000000 0.000000000
0.430000000 0.037000000 0.000000000
0.440000000 0.023000000 0.000000000
0.450000000 0.004000000 0.000000000
0.460000000 0.003000000 0.000000000
0.470000000 0.002000000 0.000000000
0.480000000 0.002000000 0.000000000
0.490000000 0.001000000 0.000000000
0.500000000 0.002000000 0.000000000
0.510000000 0.000000000 0.000000000
0.520000000 0.000000000 0.000000000
0.530000000 0.000000000 0.000000000
0.540000000 0.000000000 0.000000000
0.550000000 0.000000000 0.000000000
0.560000000 0.000000000 0.000000000
0.570000000 0.000000000 0.000000000
0.580000000 0.000000000 0.000000000
0.590000000 0.000000000 0.000000000
0.600000000 0.000000000 0.000000000
0.610000000 0.000000000 0.000000000
0.620000000 0.000000000 0.000000000
0.630000000 0.000000000 0.000000000
0.640000000 0.000000000 0.000000000
0.650000000 0.000000000 0.000000000
0.660000000 0.000000000 0.000000000

10 2
67
0.000000000 1.000000000 1.000000000
0.010000000 1.000000000 1.000000000
0.020000000 1.000000000 1.000000000
0.030000000 1.000000000 1.000000000
0.040000000 1.000000000 1.000000000
0.050000000 1.000000000 1.000000000
0.060000000 1.000000000 1.000000000
0.070000000 1.000000000 1.000000000
0.080000000 1.000000000 0.999999717
0.090000000 1.000000000 0.999921582
0.100000000 1.000000000 0.995845689
0.110000000 1.000000000 0.941316746
0.120000000 1.000000000 0.708508137
0.130000000 1.000000000 0.337286570
0.140000000 1.000000000 0.088906916
0.150000000 0.995000000 0.012568538
0.160000000 0.984000000 0.000968795
0.170000000 0.956000000 0.000042078
0.180000000 0.876000000 0.000001067
0.190000000 0.751000000 0.000000016
0.200000000 0.582000000 0.000000000
0.210000000 0.344000000 0.000000000
0.220000000 0.221000000 0.000000000
0.230000000 0.091000000 0.000000000
0.240000000 0.040000000 0.000000000
0.250000000 0.008000000 0.000000000
0.260000000 0.004000000 0.000000000
0.270000000 0.001000000 0.000000000
0.280000000 0.000000000 0.000000000
0.290000000 0.000000000 0.000000000
0.300000000 0.000000000 0.000000000
0.310000000 0.000000000 0.000000000
0.320000000 0.000000000 0.000000000
0.330000000 0.000000000 0.000000000
0.340000000 0.000000000 0.000000000
0.350000000 0.000000000 0.000000000
0.360000000 0.000000000 0.000000000
0.370000000 0.000000000 0.000000000
0.380000000 0.000000000 0.000000000
0.390000000 0.000000000 0.000000000
0.400000000 0.000000000 0.000000000
0.410000000 0.000000000 0.000000000
0.420000000 0.000000000 0.000000000
0.430000000 0.000000000 0.000000000
0.440000000 0.000000000 0.000000000
0.450000000 0.000000000 0.000000000
0.460000000 0.000000000 0.000000000
0.470000000 0.000000000 0.000000000
0.480000000 0.000000000 0.000000000
0.490000000 0.000000000 0.000000000
0.500000000 0.000000000 0.000000000
0.510000000 0.000000000 0.000000000
0.520000000 0.000000000 0.000000000
0.530000000 0.000000000 0.000000000
0.540000000 0.000000000 0.000000000
0.550000000 0.000000000 0.000000000
0.560000000 0.000000000 0.000000000
0.570000000 0.000000000 0.000000000
0.580000000 0.000000000 0.000000000
0.590000000 0.000000000 0.000000000
0.600000000 0.000000000 0.000000000
0.610000000 0.000000000 0.000000000
0.620000000 0.000000000 0.000000000
0.630000000 0.000000000 0.000000000
0.640000000 0.000000000 0.000000000
0.650000000 0.000000000 0.000000000
0.660000000 0.000000000 0.000000000

10 3
67
0.000000000 1.000000000 1.000000000
0.010000000 1.000000000 1.000000000
0.020000000 1.000000000 1.000000000
0.030000000 1.000000000 0.999999973
0.040000000 1.000000000 0.999763528
0.050000000 1.000000000 0.968339665
0.060000000 0.999000000 0.662299197
0.070000000 0.982000000 0.190613912
0.080000000 0.862000000 0.019635935
0.090000000 0.592000000 0.000784216
0.100000000 0.253000000 0.000013750
0.110000000 0.069000000 0.000000118
0.120000000 0.013000000 0.000000001
0.130000000 0.005000000 0.000000000
0.140000000 0.000000000 0.000000000
0.150000000 0.000000000 0.000000000
0.160000000 0.000000000 0.000000000
0.170000000 0.000000000 0.000000000
0.180000000 0.000000000 0.000000000
0.190000000 0.000000000 0.000000000
0.200000000 0.000000000 0.000000000
0.210000000 0.000000000 0.000000000
0.220000000 0.000000000 0.000000000
0.230000000 0.000000000 0.000000000
0.240000000 0.000000000 0.000000000
0.250000000 0.000000000 0.000000000
0.260000000 0.000000000 0.000000000
0.270000000 0.000000000 0.000000000
0.280000000 0.000000000 0.000000000
0.290000000 0.000000000 0.000000000
0.300000000 0.000000000 0.000000000
0.310000000 0.000000000 0.000000000
0.320000000 0.000000000 0.000000000
0.330000000 0.000000000 0.000000000
0.340000000 0.000000000 0.000000000
0.350000000 0.000000000 0.000000000
0.360000000 0.000000000 0.000000000
0.370000000 0.000000000 0.000000000
0.380000000 0.000000000 0.000000000
0.390000000 0.000000000 0.000000000
0.400000000 0.000000000 0.000000000
0.410000000 0.000000000 0.000000000
0.420000000 0.000000000 0.000000000
0.430000000 0.000000000 0.000000000
0.440000000 0.000000000 0.000000000
0.450000000 0.000000000 0.000000000
0.460000000 0.000000000 0.000000000
0.470000000 0.000000000 0.000000000
0.480000000 0.000000000 0.000000000
0.490000000 0.000000000 0.000000000
0.500000000 0.000000000 0.000000000
0.510000000 0.000000000 0.000000000
0.520000000 0.000000000 0.000000000
0.530000000 0.000000000 0.000000000
0.540000000 0.000000000 0.000000000
0.550000000 0.000000000 0.000000000
0.560000000 0.000000000 0.000000000
0.570000000 0.000000000 0.000000000
0.580000000 0.000000000 0.000000000
0.590000000 0.000000000 0.000000000
0.600000000 0.000000000 0.000000000
0.610000000 0.000000000 0.000000000
0.620000000 0.000000000 0.000000000
0.630000000 0.000000000 0.000000000
0.640000000 0.000000000 0.000000000
0.650000000 0.000000000 0.000000000
0.660000000 0.000000000 0.000000000

10 4
67
0.000000000 1.000000000 1.000000000
0.010000000 1.000000000 0.999999990
0.020000000 0.999000000 0.993911141
0.030000000 0.908000000 0.637437186
0.040000000 0.397000000 0.084959732
0.050000000 0.061000000 0.002236074
0.060000000 0.006000000 0.000017102
0.070000000 0.000000000 0.000000051
0.080000000 0.000000000 0.000000000
0.090000000 0.000000000 0.000000000
0.100000000 0.000000000 0.000000000
0.110000000 0.000000000 0.000000000
0.120000000 0.000000000 0.000000000
0.130000000 0.000000000 0.000000000
0.140000000 0.000000000 0.000000000
0.150000000 0.000000000 0.000000000
0.160000000 0.000000000 0.000000000
0.170000000 0.000000000 0.000000000
0.180000000 0.000000000 0.000000000
0.190000000 0.000000000 0.000000000
0.200000000 0.000000000 0.000000000
0.210000000 0.000000000 0.000000000
0.220000000 0.000000000 0.000000000
0.230000000 0.000000000 0.000000000
0.240000000 0.000000000 0.000000000
0.250000000 0.000000000 0.000000000
0.260000000 0.000000000 0.000000000
0.270000000 0.000000000 0.000000000
0.280000000 0.000000000 0.000000000
0.290000000 0.000000000 0.000000000
0.300000000 0.000000000 0.000000000
0.310000000 0.000000000 0.000000000
0.320000000 0.000000000 0.000000000
0.330000000 0.000000000 0.000000000
0.340000000 0.000000000 0.000000000
0.350000000 0.000000000 0.000000000
0.360000000 0.000000000 0.000000000
0.370000000 0.000000000 0.000000000
0.380000000 0.000000000 0.000000000
0.390000000 0.000000000 0.000000000
0.400000000 0.000000000 0.000000000
0.410000000 0.000000000 0.000000000
0.420000000 0.000000000 0.000000000
0.430000000 0.000000000 0.000000000
0.440000000 0.000000000 0.000000000
0.450000000 0.000000000 0.000000000
0.460000000 0.000000000 0.000000000
0.470000000 0.000000000 0.000000000
0.480000000 0.000000000 0.000000000
0.490000000 0.000000000 0.000000000
0.500000000 0.000000000 0.000000000
0.510000000 0.000000000 0.000000000
0.520000000 0.000000000 0.000000000
0.530000000 0.000000000 0.000000000
0.540000000 0.000000000 0.000000000
0.550000000 0.000000000 0.000000000
0.560000000 0.000000000 0.000000000
0.570000000 0.000000000 0.000000000
0.580000000 0.000000000 0.000000000
0.590000000 0.000000000 0.000000000
0.600000000 0.000000000 0.000000000
0.610000000 0.000000000 0.000000000
0.620000000 0.000000000 0.000000000
0.630000000 0.000000000 0.000000000
0.640000000 0.000000000 0.000000000
0.650000000 0.000000000 0.000000000
0.660000000 0.000000000 0.000000000

10 5
67
0.000000000 1.000000000 1.000000000
0.010000000 0.967000000 0.968084512
0.020000000 0.214000000 0.188929740
0.030000000 0.004000000 0.002404235
0.040000000 0.000000000 0.000005678
0.050000000 0.000000000 0.000000005
0.060000000 0.000000000 0.000000000
0.070000000 0.000000000 0.000000000
0.080000000 0.000000000 0.000000000
0.090000000 0.000000000 0.000000000
0.100000000 0.000000000 0.000000000
0.110000000 0.000000000 0.000000000
0.120000000 0.000000000 0.000000000
0.130000000 0.000000000 0.000000000
0.140000000 0.000000000 0.000000000
0.150000000 0.000000000 0.000000000
0.160000000 0.000000000 0.000000000
0.170000000 0.000000000 0.000000000
0.180000000 0.000000000 0.000000000
0.190000000 0.000000000 0.000000000
0.200000000 0.000000000 0.000000000
0.210000000 0.000000000 0.000000000
0.220000000 0.000000000 0.000000000
0.230000000 0.000000000 0.000000000
0.240000000 0.000000000 0.000000000
0.250000000 0.000000000 0.000000000
0.260000000 0.000000000 0.000000000
0.270000000 0.000000000 0.000000000
0.280000000 0.000000000 0.000000000
0.290000000 0.000000000 0.000000000
0.300000000 0.000000000 0.000000000
0.310000000 0.000000000 0.000000000
0.320000000 0.000000000 0.000000000
0.330000000 0.000000000 0.000000000
0.340000000 0.000000000 0.000000000
0.350000000 0.000000000 0.000000000
0.360000000 0.000000000 0.000000000
0.370000000 0.000000000 0.000000000
0.380000000 0.000000000 0.000000000
0.390000000 0.000000000 0.000000000
0.400000000 0.000000000 0.000000000
0.410000000 0.000000000 0.000000000
0.420000000 0.000000000 0.000000000
0.430000000 0.000000000 0.000000000
0.440000000 0.000000000 0.000000000
0.450000000 0.000000000 0.000000000
0.460000000 0.000000000 0.000000000
0.470000000 0.000000000 0.000000000
0.480000000 0.000000000 0.000000000
0.490000000 0.000000000 0.000000000
0.500000000 0.000000000 0.000000000
0.510000000 0.000000000 0.000000000
0.520000000 0.000000000 0.000000000
0.530000000 0.000000000 0.000000000
0.540000000 0.000000000 0.000000000
0.550000000 0.000000000 0.000000000
0.560000000 0.000000000 0.000000000
0.570000000 0.000000000 0.000000000
0.580000000 0.000000000 0.000000000
0.590000000 0.000000000 0.000000000
0.600000000 0.000000000 0.000000000
0.610000000 0.000000000 0.000000000
0.620000000 0.000000000 0.000000000
0.630000000 0.000000000 0.000000000
0.640000000 0.000000000 0.000000000
0.650000000 0.000000000 0.000000000
0.660000000 0.000000000 0.000000000

10 6
67
0.000000000 1.000000000 1.000000000
0.010000000 0.218000000 0.305248062
0.020000000 0.000000000 0.001422610
0.030000000 0.000000000 0.000000920
0.040000000 0.000000000 0.000000000
0.050000000 0.000000000 0.000000000
0.060000000 0.000000000 0.000000000
0.070000000 0.000000000 0.000000000
0.080000000 0.000000000 0.000000000
0.090000000 0.000000000 0.000000000
0.100000000 0.000000000 0.000000000
0.110000000 0.000000000 0.000000000
0.120000000 0.000000000 0.000000000
0.130000000 0.000000000 0.000000000
0.140000000 0.000000000 0.000000000
0.150000000 0.000000000 0.000000000
0.160000000 0.000000000 0.000000000
0.170000000 0.000000000 0.000000000
0.180000000 0.000000000 0.000000000
0.190000000 0.000000000 0.000000000
0.200000000 0.000000000 0.000000000
0.210000000 0.000000000 0.000000000
0.220000000 0.000000000 0.000000000
0.230000000 0.000000000 0.000000000
0.240000000 0.000000000 0.000000000
0.250000000 0.000000000 0.000000000
0.260000000 0.000000000 0.000000000
0.270000000 0.000000000 0.000000000
0.280000000 0.000000000 0.000000000
0.290000000 0.000000000 0.000000000
0.300000000 0.000000000 0.000000000
0.310000000 0.000000000 0.000000000
0.320000000 0.000000000 0.000000000
0.330000000 0.000000000 0.000000000
0.340000000 0.000000000 0.000000000
0.350000000 0.000000000 0.000000000
0.360000000 0.000000000 0.000000000
0.370000000 0.000000000 0.000000000
0.380000000 0.000000000 0.000000000
0.390000000 0.000000000 0.000000000
0.400000000 0.000000000 0.000000000
0.410000000 0.000000000 0.000000000
0.420000000 0.000000000 0.000000000
0.430000000 0.000000000 0.000000000
0.440000000 0.000000000 0.000000000
0.450000000 0.000000000 0.000000000
0.460000000 0.000000000 0.000000000
0.470000000 0.000000000 0.000000000
0.480000000 0.000000000 0.000000000
0.490000000 0.000000000 0.000000000
0.500000000 0.000000000 0.000000000
0.510000000 0.000000000 0.000000000
0.520000000 0.000000000 0.000000000
0.530000000 0.000000000 0.000000000
0.540000000 0.000000000 0.000000000
0.550000000 0.000000000 0.000000000
0.560000000 0.000000000 0.000000000
0.570000000 0.000000000 0.000000000
0.580000000 0.000000000 0.000000000
0.590000000 0.000000000 0.000000000
0.600000000 0.000000000 0.000000000
0.610000000 0.000000000 0.000000000
0.620000000 0.000000000 0.000000000
0.630000000 0.000000000 0.000000000
0.640000000 0.000000000 0.000000000
0.650000000 0.000000000 0.000000000
0.660000000 0.000000000 0.000000000

10 7
67
0.000000000 1.000000000 1.000000000
0.010000000 0.010000000 0.024516862
0.020000000 0.000000000 0.000010008
0.030000000 0.000000000 0.000000001
0.040000000 0.000000000 0.000000000
0.050000000 0.000000000 0.000000000
0.060000000 0.000000000 0.000000000
0.070000000 0.000000000 0.000000000
0.080000000 0.000000000 0.000000000
0.090000000 0.000000000 0.000000000
0.100000000 0.000000000 0.000000000
0.110000000 0.000000000 0.000000000
0.120000000 0.000000000 0.000000000
0.130000000 0.000000000 0.000000000
0.140000000 0.000000000 0.000000000
0.150000000 0.000000000 0.000000000
0.160000000 0.000000000 0.000000000
0.170000000 0.000000000 0.000000000
0.180000000 0.000000000 0.000000000
0.190000000 0.000000000 0.000000000
0.200000000 0.000000000 0.000000000
0.210000000 0.000000000 0.000000000
0.220000000 0.000000000 0.000000000
0.230000000 0.000000000 0.000000000
0.240000000 0.000000000 0.000000000
0.250000000 0.000000000 0.000000000
0.260000000 0.000000000 0.000000000
0.270000000 0.000000000 0.000000000
0.280000000 0.000000000 0.000000000
0.290000000 0.000000000 0.000000000
0.300000000 0.000000000 0.000000000
0.310000000 0.000000000 0.000000000
0.320000000 0.000000000 0.000000000
0.330000000 0.000000000 0.000000000
0.340000000 0.000000000 0.000000000
0.350000000 0.000000000 0.000000000
0.360000000 0.000000000 0.000000000
0.370000000 0.000000000 0.000000000
0.380000000 0.000000000 0.000000000
0.390000000 0.000000000 0.000000000
0.400000000 0.000000000 0.000000000
0.410000000 0.000000000 0.000000000
0.420000000 0.000000000 0.000000000
0.430000000 0.000000000 0.000000000
0.440000000 0.000000000 0.000000000
0.450000000 0.000000000 0.000000000
0.460000000 0.000000000 0.000000000
0.470000000 0.000000000 0.000000000
0.480000000 0.000000000 0.000000000
0.490000000 0.000000000 0.000000000
0.500000000 0.000000000 0.000000000
0.510000000 0.000000000 0.000000000
0.520000000 0.000000000 0.000000000
0.530000000 0.000000000 0.000000000
0.540000000 0.000000000 0.000000000
0.550000000 0.000000000 0.000000000
0.560000000 0.000000000 0.000000000
0.570000000 0.000000000 0.000000000
0.580000000 0.000000000 0.000000000
0.590000000 0.000000000 0.000000000
0.600000000 0.000000000 0.000000000
0.610000000 0.000000000 0.000000000
0.620000000 0.000000000 0.000000000
0.630000000 0.000000000 0.000000000
0.640000000 0.000000000 0.000000000
0.650000000 0.000000000 0.000000000
0.660000000 0.000000000 0.000000000

10 8
67
0.000000000 1.000000000 1.000000000
0.010000000 0.000000000 0.002197407
0.020000000 0.000000000 0.000000249
0.030000000 0.000000000 0.000000000
0.040000000 0.000000000 0.000000000
0.050000000 0.000000000 0.000000000
0.060000000 0.000000000 0.000000000
0.070000000 0.000000000 0.000000000
0.080000000 0.000000000 0.000000000
0.090000000 0.000000000 0.000000000
0.100000000 0.000000000 0.000000000
0.110000000 0.000000000 0.000000000
0.120000000 0.000000000 0.000000000
0.130000000 0.000000000 0.000000000
0.140000000 0.000000000 0.000000000
0.150000000 0.000000000 0.000000000
0.160000000 0.000000000 0.000000000
0.170000000 0.000000000 0.000000000
0.180000000 0.000000000 0.000000000
0.190000000 0.000000000 0.000000000
0.200000000 0.000000000 0.000000000
0.210000000 0.000000000 0.000000000
0.220000000 0.000000000 0.000000000
0.230000000 0.000000000 0.000000000
0.240000000 0.000000000 0.000000000
0.250000000 0.000000000 0.000000000
0.260000000 0.000000000 0.000000000
0.270000000 0.000000000 0.000000000
0.280000000 0.000000000 0.000000000
0.290000000 0.000000000 0.000000000
0.300000000 0.000000000 0.000000000
0.310000000 0.000000000 0.000000000
0.320000000 0.000000000 0.000000000
0.330000000 0.000000000 0.000000000
0.340000000 0.000000000 0.000000000
0.350000000 0.000000000 0.000000000
0.360000000 0.000000000 0.000000000
0.370000000 0.000000000 0.000000000
0.380000000 0.000000000 0.000000000
0.390000000 0.000000000 0.000000000
0.400000000 0.000000000 0.000000000
0.410000000 0.000000000 0.000000000
0.420000000 0.000000000 0.000000000
0.430000000 0.000000000 0.000000000
0.440000000 0.000000000 0.000000000
0.450000000 0.000000000 0.000000000
0.460000000 0.000000000 0.000000000
0.470000000 0.000000000 0.000000000
0.480000000 0.000000000 0.000000000
0.490000000 0.000000000 0.000000000
0.500000000 0.000000000 0.000000000
0.510000000 0.000000000 0.000000000
0.520000000 0.000000000 0.000000000
0.530000000 0.000000000 0.000000000
0.540000000 0.000000000 0.000000000
0.550000000 0.000000000 0.000000000
0.560000000 0.000000000 0.000000000
0.570000000 0.000000000 0.000000000
0.580000000 0.000000000 0.000000000
0.590000000 0.000000000 0.000000000
0.600000000 0.000000000 0.000000000
0.610000000 0.000000000 0.000000000
0.620000000 0.000000000 0.000000000
0.630000000 0.000000000 0.000000000
0.640000000 0.000000000 0.000000000
0.650000000 0.000000000 0.000000000
0.660000000 0.000000000 0.000000000

10 9
67
0.000000000 1.000000000 1.000000000
0.010000000 0.000000000 0.000384755
0.020000000 0.000000000 0.000000023
0.030000000 0.000000000 0.000000000
0.040000000 0.000000000 0.000000000
0.050000000 0.000000000 0.000000000
0.060000000 0.000000000 0.000000000
0.070000000 0.000000000 0.000000000
0.080000000 0.000000000 0.000000000
0.090000000 0.000000000 0.000000000
0.100000000 0.000000000 0.000000000
0.110000000 0.000000000 0.000000000
0.120000000 0.000000000 0.000000000
0.130000000 0.000000000 0.000000000
0.140000000 0.000000000 0.000000000
0.150000000 0.000000000 0.000000000
0.160000000 0.000000000 0.000000000
0.170000000 0.000000000 0.000000000
0.180000000 0.000000000 0.000000000
0.190000000 0.000000000 0.000000000
0.200000000 0.000000000 0.000000000
0.210000000 0.000000000 0.000000000
0.220000000 0.000000000 0.000000000
0.230000000 0.000000000 0.000000000
0.240000000 0.000000000 0.000000000
0.250000000 0.000000000 0.000000000
0.260000000 0.000000000 0.000000000
0.270000000 0.000000000 0.000000000
0.280000000 0.000000000 0.000000000
0.290000000 0.000000000 0.000000000
0.300000000 0.000000000 0.000000000
0.310000000 0.000000000 0.000000000
0.320000000 0.000000000 0.000000000
0.330000000 0.000000000 0.000000000
0.340000000 0.000000000 0.000000000
0.350000000 0.000000000 0.000000000
0.360000000 0.000000000 0.000000000
0.370000000 0.000000000 0.000000000
0.380000000 0.000000000 0.000000000
0.390000000 0.000000000 0.000000000
0.400000000 0.000000000 0.000000000
0.410000000 0.000000000 0.000000000
0.420000000 0.000000000 0.000000000
0.430000000 0.000000000 0.000000000
0.440000000 0.000000000 0.000000000
0.450000000 0.000000000 0.000000000
0.460000000 0.000000000 0.000000000
0.470000000 0.000000000 0.000000000
0.480000000 0.000000000 0.000000000
0.490000000 0.000000000 0.000000000
0.500000000 0.000000000 0.000000000
0.510000000 0.000000000 0.000000000
0.520000000 0.000000000 0.000000000
0.530000000 0.000000000 0.000000000
0.540000000 0.000000000 0.000000000
0.550000000 0.000000000 0.000000000
0.560000000 0.000000000 0.000000000
0.570000000 0.000000000 0.000000000
0.580000000 0.000000000 0.000000000
0.590000000 0.000000000 0.000000000
0.600000000 0.000000000 0.000000000
0.610000000 0.000000000 0.000000000
0.620000000 0.000000000 0.000000000
0.630000000 0.000000000 0.000000000
0.640000000 0.000000000 0.000000000
0.650000000 0.000000000 0.000000000
0.660000000 0.000000000 0.000000000

10 10
67
0.000000000 1.000000000 1.000000000
0.010000000 0.000000000 0.000033919
0.020000000 0.000000000 0.000000001
0.030000000 0.000000000 0.000000000
0.040000000 0.000000000 0.000000000
0.050000000 0.000000000 0.000000000
0.060000000 0.000000000 0.000000000
0.070000000 0.000000000 0.000000000
0.080000000 0.000000000 0.000000000
0.090000000 0.000000000 0.000000000
0.100000000 0.000000000 0.000000000
0.110000000 0.000000000 0.000000000
0.120000000 0.000000000 0.000000000
0.130000000 0.000000000 0.000000000
0.140000000 0.000000000 0.000000000
0.150000000 0.000000000 0.000000000
0.160000000 0.000000000 0.000000000
0.170000000 0.000000000 0.000000000
0.180000000 0.000000000 0.000000000
0.190000000 0.000000000 0.000000000
0.200000000 0.000000000 0.000000000
0.210000000 0.000000000 0.000000000
0.220000000 0.000000000 0.000000000
0.230000000 0.000000000 0.000000000
0.240000000 0.000000000 0.000000000
0.250000000 0.000000000 0.000000000
0.260000000 0.000000000 0.000000000
0.270000000 0.000000000 0.000000000
0.280000000 0.000000000 0.000000000
0.290000000 0.000000000 0.000000000
0.300000000 0.000000000 0.000000000
0.310000000 0.000000000 0.000000000
0.320000000 0.000000000 0.000000000
0.330000000 0.000000000 0.000000000
0.340000000 0.000000000 0.000000000
0.350000000 0.000000000 0.000000000
0.360000000 0.000000000 0.000000000
0.370000000 0.000000000 0.000000000
0.380000000 0.000000000 0.000000000
0.390000000 0.000000000 0.000000000
0.400000000 0.000000000 0.000000000
0.410000000 0.000000000 0.000000000
0.420000000 0.000000000 0.000000000
0.430000000 0.000000000 0.000000000
0.440000000 0.000000000 0.000000000
0.450000000 0.000000000 0.000000000
0.460000000 0.000000000 0.000000000
0.470000000 0.000000000 0.000000000
0.480000000 0.000000000 0.000000000
0.490000000 0.000000000 0.000000000
0.500000000 0.000000000 0.000000000
0.510000000 0.000000000 0.000000000
0.520000000 0.000000000 0.000000000
0.530000000 0.000000000 0.000000000
0.540000000 0.000000000 0.000000000
0.550000000 0.000000000 0.000000000
0.560000000 0.000000000 0.000000000
0.570000000 0.000000000 0.000000000
0.580000000 0.000000000 0.000000000
0.590000000 0.000000000 0.000000000
0.600000000 0.000000000 0.000000000
0.610000000 0.000000000 0.000000000
0.620000000 0.000000000 0.000000000
0.630000000 0.000000000 0.000000000
0.640000000 0.000000000 0.000000000
0.650000000 0.000000000 0.000000000
0.660000000 0.000000000 0.000000000

